-00.000  -5.0
00.004  -5.0
00.007  -5.0
00.011  -5.0
00.015  -5.0
00.019  -5.0
00.024  -5.0
00.027  -5.0
00.031  -5.0
00.035  -5.0
00.039  -5.0
00.043  -5.0
00.046  -5.0
00.050  -5.0
00.054  -5.0
00.058  -5.0
00.062  -5.0
00.066  -5.0
00.070  -5.0
00.074  -5.0
00.078  -5.0
00.082  -5.0
00.086  -5.0
00.089  -5.0
00.093  -5.0
00.097  -5.0
00.101  -5.0
00.105  -5.0
00.109  -5.0
00.113  -5.0
00.117  -5.0
00.121  -5.0
00.125  -5.0
00.128  -5.0
00.132  -5.0
00.136  -5.0
00.140  -5.0
00.144  -5.0
00.147  -5.0
00.152  -5.0
00.156  -5.0
00.160  -5.0
00.164  -5.0
00.167  -5.0
00.171  -5.0
00.175  -5.0
00.179  -5.0
00.183  -5.0
00.187  -5.0
00.190  -5.0
00.195  -5.0
00.199  -5.0
00.203  -5.0
00.207  -5.0
00.210  -5.0
00.214  -5.0
00.218  -5.0
00.222  -5.0
00.226  -5.0
00.229  -5.0
00.233  -5.0
00.238  -5.0
00.242  -5.0
00.246  -5.0
00.249  -5.0
00.253  -5.0
00.257  -5.0
00.261  -5.0
00.265  -5.0
00.269  -5.0
00.272  -5.0
00.276  -5.0
00.281  -5.0
00.285  -5.0
00.289  -5.0
00.292  -5.0
00.296  -5.0
00.300  -5.0
00.304  -5.0
00.308  -5.0
00.311  -5.0
00.315  -5.0
00.320  -5.0
00.324  -5.0
00.328  -5.0
00.331  -5.0
00.335  -5.0
00.339  -5.0
00.343  -5.0
00.347  -5.0
00.350  -5.0
00.354  -5.0
00.358  -5.0
00.363  -5.0
00.367  -5.0
00.371  -5.0
00.374  -5.0
00.378  -5.0
00.382  -5.0
00.386  -5.0
00.390  -5.0
00.393  -5.0
00.397  -5.0
00.401  -5.0
00.406  -5.0
00.410  -5.0
00.413  -5.0
00.417  -5.0
00.421  -5.0
00.425  -5.0
00.429  -5.0
00.432  -5.0
00.436  -5.0
00.440  -5.0
00.444  -5.0
00.449  -5.0
00.453  -4.814453125
00.457  -4.462890625
00.461  -4.12109375
00.465  -3.76953125
00.470  -3.3984375
00.475  -3.06640625
00.480  -2.744140625
00.485  -2.421875
00.491  -2.12890625
00.495  -1.85546875
00.500  -1.591796875
00.505  -1.337890625
00.510  -1.09375
00.515  -0.87890625
00.520  -0.6640625
00.524  -0.44921875
00.529  -0.244140625
00.535  -0.078125
00.540  0.09765625
00.545  0.2734375
00.549  0.4296875
00.554  0.56640625
00.559  0.712890625
00.564  0.849609375
00.569  0.9375
00.574  0.966796875
00.579  0.9765625
00.584  0.986328125
00.589  0.986328125
00.594  0.966796875
00.599  0.9765625
00.604  0.9765625
00.608  0.9765625
00.613  0.966796875
00.619  0.966796875
00.624  0.9765625
00.629  0.966796875
00.633  0.95703125
00.638  0.95703125
00.643  0.966796875
00.648  0.95703125
00.653  0.947265625
00.658  0.947265625
00.663  0.95703125
00.668  0.95703125
00.673  0.947265625
00.678  0.947265625
00.683  0.947265625
00.688  0.947265625
00.692  0.9375
00.697  0.9375
00.702  0.947265625
00.708  0.947265625
00.713  0.9375
00.717  0.927734375
00.722  0.9375
00.727  0.9375
00.732  0.927734375
00.737  0.91796875
00.742  0.927734375
00.747  0.927734375
00.752  0.91796875
00.757  0.908203125
00.762  0.91796875
00.767  0.91796875
00.772  0.908203125
00.776  0.8984375
00.781  0.908203125
00.786  0.908203125
00.792  0.888671875
00.797  0.87890625
00.802  0.888671875
00.806  0.888671875
00.811  0.87890625
00.816  0.869140625
00.821  0.869140625
00.826  0.869140625
00.830  0.859375
00.836  0.849609375
00.841  0.849609375
00.846  0.849609375
00.851  0.830078125
00.856  0.8203125
00.860  0.8203125
00.865  0.8203125
00.870  0.80078125
00.876  0.78125
00.881  0.78125
00.886  0.78125
00.890  0.76171875
00.895  0.732421875
00.900  0.732421875
00.905  0.72265625
00.910  0.703125
00.914  0.6640625
00.920  0.654296875
00.925  0.64453125
00.930  0.615234375
00.935  0.576171875
00.940  0.556640625
00.944  0.546875
00.949  0.5078125
00.954  0.46875
00.960  0.4296875
00.965  0.41015625
00.970  0.380859375
00.974  0.3515625
00.979  0.3125
00.984  0.302734375
00.989  0.2734375
00.994  0.244140625
00.998  0.224609375
01.004  0.224609375
01.009  0.205078125
01.014  0.17578125
01.019  0.166015625
01.024  0.166015625
01.028  0.15625
01.033  0.13671875
01.038  0.13671875
01.043  0.13671875
01.049  0.13671875
01.054  0.1171875
01.058  0.107421875
01.063  0.1171875
01.068  0.1171875
01.073  0.09765625
01.078  0.087890625
01.082  0.09765625
01.088  0.087890625
01.093  0.068359375
01.098  0.048828125
01.103  0.05859375
01.108  0.048828125
01.112  0.0390625
01.117  0.009765625
01.122  0.009765625
01.127  -0.009765625
01.133  -0.029296875
01.138  -0.048828125
01.142  -0.0390625
01.147  -0.05859375
01.152  -0.087890625
01.157  -0.1171875
01.162  -0.1171875
01.166  -0.13671875
01.171  -0.15625
01.177  -0.185546875
01.182  -0.1953125
01.187  -0.21484375
01.192  -0.244140625
01.196  -0.2734375
01.201  -0.283203125
01.206  -0.29296875
01.211  -0.33203125
01.217  -0.361328125
01.222  -0.37109375
01.226  -0.390625
01.231  -0.41015625
01.236  -0.44921875
01.241  -0.44921875
01.246  -0.46875
01.251  -0.48828125
01.255  -0.52734375
01.261  -0.52734375
01.266  -0.546875
01.271  -0.556640625
01.276  -0.595703125
01.280  -0.595703125
01.285  -0.615234375
01.290  -0.634765625
01.295  -0.6640625
01.300  -0.673828125
01.306  -0.68359375
01.310  -0.703125
01.315  -0.72265625
01.320  -0.7421875
01.325  -0.751953125
01.330  -0.76171875
01.335  -0.80078125
01.339  -0.810546875
01.345  -0.8203125
01.350  -0.830078125
01.355  -0.869140625
01.360  -0.87890625
01.364  -0.888671875
01.369  -0.908203125
01.374  -0.9375
01.379  -0.947265625
01.384  -0.966796875
01.390  -0.966796875
01.394  -1.005859375
01.399  -1.025390625
01.404  -1.03515625
01.409  -1.044921875
01.414  -1.083984375
01.419  -1.09375
01.423  -1.103515625
01.428  -1.123046875
01.434  -1.162109375
01.439  -1.171875
01.444  -1.181640625
01.448  -1.19140625
01.453  -1.23046875
01.458  -1.25
01.463  -1.25
01.468  -1.26953125
01.474  -1.298828125
01.478  -1.318359375
01.483  -1.328125
01.488  -1.337890625
01.493  -1.376953125
01.498  -1.396484375
01.503  -1.40625
01.507  -1.416015625
01.512  -1.4453125
01.518  -1.474609375
01.523  -1.484375
01.528  -1.494140625
01.532  -1.5234375
01.537  -1.552734375
01.542  -1.5625
01.547  -1.572265625
01.552  -1.611328125
01.558  -1.62109375
01.562  -1.640625
01.567  -1.650390625
01.572  -1.669921875
01.577  -1.689453125
01.582  -1.689453125
01.587  -1.6796875
01.591  -1.689453125
01.596  -1.69921875
01.602  -1.689453125
01.607  -1.669921875
01.612  -1.669921875
01.617  -1.669921875
01.621  -1.650390625
01.626  -1.62109375
01.631  -1.62109375
01.636  -1.6015625
01.641  -1.58203125
01.646  -1.54296875
01.651  -1.533203125
01.656  -1.533203125
01.661  -1.494140625
01.666  -1.474609375
01.671  -1.455078125
01.675  -1.4453125
01.680  -1.42578125
01.686  -1.396484375
01.691  -1.38671875
01.696  -1.376953125
01.701  -1.357421875
01.705  -1.337890625
01.710  -1.328125
01.715  -1.328125
01.720  -1.30859375
01.725  -1.279296875
01.730  -1.279296875
01.735  -1.279296875
01.740  -1.26953125
01.745  -1.25
01.750  -1.240234375
01.755  -1.25
01.759  -1.240234375
01.764  -1.23046875
01.769  -1.220703125
01.775  -1.23046875
01.780  -1.23046875
01.785  -1.220703125
01.789  -1.2109375
01.794  -1.23046875
01.799  -1.23046875
01.804  -1.2109375
01.809  -1.2109375
01.814  -1.220703125
01.819  -1.23046875
01.824  -1.220703125
01.829  -1.220703125
01.834  -1.220703125
01.839  -1.23046875
01.843  -1.220703125
01.848  -1.220703125
01.853  -1.23046875
01.859  -1.240234375
01.864  -1.23046875
01.869  -1.220703125
01.873  -1.23046875
01.878  -1.240234375
01.883  -1.23046875
01.888  -1.23046875
01.893  -1.240234375
01.897  -1.240234375
01.903  -1.23046875
01.908  -1.23046875
01.913  -1.240234375
01.918  -1.25
01.923  -1.240234375
01.927  -1.23046875
01.932  -1.25
01.937  -1.259765625
01.943  -1.25
01.948  -1.25
01.953  -1.259765625
01.957  -1.279296875
01.962  -1.26953125
01.967  -1.279296875
01.972  -1.279296875
01.977  -1.30859375
01.981  -1.298828125
01.987  -1.30859375
01.992  -1.318359375
01.997  -1.337890625
02.002  -1.328125
02.007  -1.337890625
02.011  -1.34765625
02.016  -1.376953125
02.021  -1.376953125
02.027  -1.376953125
02.032  -1.396484375
02.037  -1.416015625
02.041  -1.42578125
02.046  -1.42578125
02.051  -1.435546875
02.056  -1.46484375
02.061  -1.474609375
02.066  -1.46484375
02.071  -1.484375
02.076  -1.50390625
02.081  -1.513671875
02.086  -1.5234375
02.091  -1.533203125
02.095  -1.5625
02.100  -1.572265625
02.105  -1.58203125
02.110  -1.591796875
02.116  -1.62109375
02.121  -1.630859375
02.125  -1.640625
02.130  -1.66015625
02.135  -1.689453125
02.140  -1.69921875
02.145  -1.708984375
02.150  -1.71875
02.155  -1.7578125
02.160  -1.767578125
02.165  -1.77734375
02.170  -1.787109375
02.175  -1.826171875
02.179  -1.845703125
02.184  -1.845703125
02.189  -1.85546875
02.194  -1.875
02.200  -1.89453125
02.205  -1.884765625
02.209  -1.884765625
02.214  -1.89453125
02.219  -1.884765625
02.224  -1.875
02.229  -1.865234375
02.234  -1.85546875
02.238  -1.845703125
02.244  -1.826171875
02.249  -1.787109375
02.254  -1.787109375
02.259  -1.767578125
02.263  -1.728515625
02.268  -1.69921875
02.273  -1.689453125
02.278  -1.66015625
02.284  -1.630859375
02.289  -1.591796875
02.293  -1.58203125
02.298  -1.5625
02.303  -1.533203125
02.308  -1.494140625
02.313  -1.484375
02.318  -1.474609375
02.322  -1.4453125
02.328  -1.416015625
02.333  -1.40625
02.338  -1.396484375
02.343  -1.357421875
02.347  -1.34765625
02.352  -1.337890625
02.357  -1.328125
02.362  -1.298828125
02.368  -1.2890625
02.373  -1.279296875
02.377  -1.26953125
02.382  -1.25
02.387  -1.240234375
02.392  -1.23046875
02.397  -1.240234375
02.402  -1.220703125
02.406  -1.2109375
02.412  -1.2109375
02.417  -1.2109375
02.422  -1.201171875
02.427  -1.19140625
02.431  -1.201171875
02.436  -1.201171875
02.441  -1.19140625
02.446  -1.171875
02.451  -1.181640625
02.457  -1.19140625
02.461  -1.181640625
02.466  -1.171875
02.471  -1.181640625
02.476  -1.19140625
02.481  -1.171875
02.486  -1.171875
02.490  -1.171875
02.496  -1.181640625
02.501  -1.171875
02.506  -1.162109375
02.511  -1.162109375
02.516  -1.181640625
02.520  -1.171875
02.525  -1.162109375
02.530  -1.171875
02.535  -1.181640625
02.541  -1.171875
02.545  -1.171875
02.550  -1.171875
02.555  -1.19140625
02.560  -1.181640625
02.565  -1.171875
02.570  -1.181640625
02.574  -1.19140625
02.579  -1.19140625
02.585  -1.181640625
02.590  -1.201171875
02.595  -1.220703125
02.600  -1.220703125
02.604  -1.2109375
02.609  -1.220703125
02.614  -1.240234375
02.619  -1.25
02.625  -1.240234375
02.629  -1.25
02.634  -1.279296875
02.639  -1.279296875
02.644  -1.279296875
02.649  -1.2890625
02.654  -1.30859375
02.658  -1.318359375
02.663  -1.30859375
02.669  -1.328125
02.674  -1.34765625
02.679  -1.3671875
02.684  -1.357421875
02.688  -1.376953125
02.693  -1.396484375
02.698  -1.40625
02.703  -1.40625
02.708  -1.42578125
02.713  -1.4453125
02.718  -1.46484375
02.723  -1.46484375
02.728  -1.474609375
02.733  -1.494140625
02.738  -1.5234375
02.742  -1.513671875
02.747  -1.533203125
02.753  -1.552734375
02.758  -1.58203125
02.763  -1.58203125
02.768  -1.591796875
02.772  -1.611328125
02.777  -1.640625
02.782  -1.640625
02.787  -1.650390625
02.792  -1.6796875
02.797  -1.708984375
02.802  -1.708984375
02.807  -1.71875
02.812  -1.748046875
02.817  -1.77734375
02.822  -1.77734375
02.826  -1.787109375
02.831  -1.81640625
02.836  -1.8359375
02.842  -1.8359375
02.847  -1.845703125
02.852  -1.85546875
02.856  -1.875
02.861  -1.845703125
02.866  -1.85546875
02.871  -1.845703125
02.876  -1.85546875
02.882  -1.81640625
02.886  -1.796875
02.891  -1.787109375
02.896  -1.77734375
02.901  -1.73828125
02.906  -1.708984375
02.910  -1.6796875
02.915  -1.669921875
02.920  -1.630859375
02.926  -1.591796875
02.931  -1.5625
02.936  -1.552734375
02.940  -1.513671875
02.945  -1.474609375
02.950  -1.455078125
02.955  -1.42578125
02.960  -1.396484375
02.966  -1.3671875
02.970  -1.337890625
02.975  -1.337890625
02.980  -1.30859375
02.985  -1.279296875
02.990  -1.259765625
02.994  -1.25
02.999  -1.220703125
03.004  -1.201171875
03.010  -1.181640625
03.015  -1.19140625
03.020  -1.162109375
03.024  -1.142578125
03.029  -1.123046875
03.034  -1.1328125
03.039  -1.123046875
03.044  -1.103515625
03.049  -1.09375
03.054  -1.103515625
03.059  -1.083984375
03.064  -1.083984375
03.074  -1.09375
03.078  -1.083984375
03.083  -1.07421875
03.088  -1.07421875
03.094  -1.083984375
03.099  -1.083984375
03.104  -1.064453125
03.108  -1.064453125
03.113  -1.083984375
03.118  -1.083984375
03.123  -1.07421875
03.128  -1.064453125
03.133  -1.07421875
03.138  -1.07421875
03.143  -1.07421875
03.148  -1.064453125
03.153  -1.083984375
03.158  -1.083984375
03.162  -1.07421875
03.167  -1.064453125
03.172  -1.083984375
03.177  -1.09375
03.183  -1.083984375
03.188  -1.07421875
03.192  -1.09375
03.197  -1.09375
03.202  -1.083984375
03.207  -1.083984375
03.212  -1.09375
03.217  -1.103515625
03.222  -1.103515625
03.227  -1.09375
03.232  -1.11328125
03.237  -1.1328125
03.242  -1.123046875
03.246  -1.123046875
03.251  -1.142578125
03.256  -1.162109375
03.261  -1.15234375
03.267  -1.15234375
03.272  -1.171875
03.276  -1.19140625
03.281  -1.19140625
03.286  -1.19140625
03.291  -1.2109375
03.296  -1.23046875
03.301  -1.23046875
03.305  -1.23046875
03.311  -1.259765625
03.316  -1.279296875
03.321  -1.279296875
03.326  -1.2890625
03.331  -1.30859375
03.335  -1.328125
03.340  -1.337890625
03.345  -1.34765625
03.351  -1.3671875
03.356  -1.38671875
03.360  -1.396484375
03.365  -1.40625
03.370  -1.416015625
03.375  -1.455078125
03.380  -1.455078125
03.385  -1.46484375
03.389  -1.484375
03.395  -1.513671875
03.400  -1.5234375
03.405  -1.533203125
03.410  -1.552734375
03.415  -1.58203125
03.419  -1.591796875
03.424  -1.591796875
03.429  -1.62109375
03.435  -1.640625
03.440  -1.66015625
03.444  -1.66015625
03.449  -1.6796875
03.454  -1.708984375
03.459  -1.728515625
03.464  -1.728515625
03.469  -1.748046875
03.473  -1.77734375
03.479  -1.796875
03.484  -1.796875
03.489  -1.81640625
03.494  -1.85546875
03.499  -1.865234375
03.503  -1.875
03.508  -1.884765625
03.513  -1.9140625
03.518  -1.93359375
03.524  -1.93359375
03.528  -1.943359375
03.533  -1.953125
03.538  -1.962890625
03.543  -1.943359375
03.548  -1.943359375
03.553  -1.953125
03.557  -1.943359375
03.563  -1.9140625
03.568  -1.89453125
03.573  -1.884765625
03.578  -1.875
03.583  -1.826171875
03.587  -1.806640625
03.592  -1.77734375
03.597  -1.767578125
03.602  -1.708984375
03.608  -1.6796875
03.612  -1.650390625
03.617  -1.630859375
03.622  -1.58203125
03.627  -1.552734375
03.632  -1.5234375
03.637  -1.513671875
03.641  -1.46484375
03.646  -1.435546875
03.652  -1.42578125
03.657  -1.40625
03.662  -1.3671875
03.667  -1.34765625
03.671  -1.34765625
03.676  -1.337890625
03.681  -1.30859375
03.686  -1.2890625
03.692  -1.279296875
03.696  -1.279296875
03.701  -1.25
03.706  -1.25
03.711  -1.25
03.716  -1.25
03.721  -1.23046875
03.725  -1.23046875
03.730  -1.23046875
03.736  -1.25
03.741  -1.23046875
03.746  -1.23046875
03.751  -1.240234375
03.755  -1.25
03.760  -1.25
03.765  -1.25
03.770  -1.25
03.776  -1.279296875
03.781  -1.26953125
03.785  -1.259765625
03.790  -1.279296875
03.795  -1.298828125
03.800  -1.2890625
03.805  -1.2890625
03.809  -1.298828125
03.814  -1.318359375
03.820  -1.30859375
03.825  -1.30859375
03.830  -1.318359375
03.835  -1.337890625
03.839  -1.337890625
03.844  -1.328125
03.849  -1.337890625
03.854  -1.357421875
03.859  -1.34765625
03.865  -1.357421875
03.869  -1.357421875
03.874  -1.38671875
03.879  -1.38671875
03.884  -1.376953125
03.889  -1.38671875
03.893  -1.40625
03.898  -1.416015625
03.904  -1.416015625
03.909  -1.42578125
03.914  -1.4453125
03.919  -1.455078125
03.923  -1.455078125
03.928  -1.46484375
03.933  -1.484375
03.938  -1.50390625
03.943  -1.494140625
03.949  -1.50390625
03.953  -1.533203125
03.958  -1.552734375
03.963  -1.552734375
03.968  -1.5625
03.973  -1.591796875
03.977  -1.6015625
03.982  -1.6015625
03.987  -1.62109375
03.993  -1.640625
03.998  -1.66015625
04.003  -1.66015625
04.007  -1.6796875
04.012  -1.69921875
04.017  -1.71875
04.022  -1.71875
04.027  -1.728515625
04.033  -1.7578125
04.037  -1.767578125
04.042  -1.787109375
04.047  -1.796875
04.052  -1.81640625
04.057  -1.8359375
04.061  -1.845703125
04.066  -1.85546875
04.071  -1.884765625
04.077  -1.904296875
04.082  -1.904296875
04.087  -1.9140625
04.091  -1.93359375
04.096  -1.962890625
04.101  -1.962890625
04.106  -1.97265625
04.111  -2.001953125
04.116  -2.03125
04.121  -2.021484375
04.126  -2.041015625
04.131  -2.0703125
04.136  -2.08984375
04.141  -2.099609375
04.146  -2.109375
04.150  -2.138671875
04.155  -2.158203125
04.161  -2.16796875
04.166  -2.16796875
04.171  -2.197265625
04.175  -2.2265625
04.180  -2.236328125
04.185  -2.236328125
04.190  -2.255859375
04.195  -2.275390625
04.200  -2.28515625
04.205  -2.28515625
04.210  -2.28515625
04.215  -2.294921875
04.220  -2.275390625
04.225  -2.255859375
04.230  -2.24609375
04.234  -2.24609375
04.239  -2.216796875
04.244  -2.177734375
04.250  -2.158203125
04.255  -2.12890625
04.259  -2.099609375
04.264  -2.060546875
04.269  -2.021484375
04.274  -1.9921875
04.279  -1.962890625
04.284  -1.9140625
04.289  -1.875
04.294  -1.845703125
04.299  -1.81640625
04.304  -1.7578125
04.309  -1.728515625
04.314  -1.708984375
04.318  -1.6796875
04.323  -1.630859375
04.328  -1.6015625
04.334  -1.572265625
04.339  -1.552734375
04.343  -1.513671875
04.348  -1.474609375
04.353  -1.46484375
04.358  -1.4453125
04.363  -1.396484375
04.368  -1.376953125
04.372  -1.357421875
04.378  -1.34765625
04.383  -1.30859375
04.388  -1.279296875
04.393  -1.26953125
04.398  -1.25
04.402  -1.220703125
04.407  -1.201171875
04.412  -1.19140625
04.418  -1.19140625
04.423  -1.15234375
04.427  -1.1328125
04.432  -1.1328125
04.437  -1.123046875
04.442  -1.09375
04.447  -1.083984375
04.452  -1.07421875
04.456  -1.07421875
04.462  -1.03515625
04.467  -1.025390625
04.472  -1.005859375
04.477  -1.015625
04.482  -0.986328125
04.486  -0.966796875
04.491  -0.95703125
04.496  -0.95703125
04.502  -0.927734375
04.507  -0.908203125
04.511  -0.8984375
04.516  -0.8984375
04.521  -0.869140625
04.526  -0.859375
04.531  -0.849609375
04.536  -0.849609375
04.540  -0.830078125
04.546  -0.810546875
04.551  -0.80078125
04.556  -0.810546875
04.561  -0.80078125
04.566  -0.78125
04.570  -0.78125
04.575  -0.791015625
04.580  -0.771484375
04.585  -0.76171875
04.591  -0.76171875
04.596  -0.78125
04.600  -0.771484375
04.605  -0.76171875
04.610  -0.771484375
04.615  -0.78125
04.620  -0.78125
04.624  -0.78125
04.630  -0.791015625
04.635  -0.810546875
04.640  -0.810546875
04.645  -0.810546875
04.650  -0.8203125
04.654  -0.849609375
04.659  -0.859375
04.664  -0.859375
04.669  -0.869140625
04.675  -0.8984375
04.680  -0.91796875
04.684  -0.91796875
04.689  -0.9375
04.694  -0.966796875
04.699  -0.986328125
04.704  -0.986328125
04.708  -1.005859375
04.713  -1.044921875
04.719  -1.064453125
04.724  -1.07421875
04.729  -1.083984375
04.734  -1.123046875
04.738  -1.142578125
04.743  -1.15234375
04.748  -1.162109375
04.753  -1.2109375
04.759  -1.23046875
04.764  -1.25
04.768  -1.259765625
04.773  -1.298828125
04.778  -1.328125
04.783  -1.337890625
04.788  -1.357421875
04.792  -1.396484375
04.797  -1.42578125
04.803  -1.435546875
04.808  -1.455078125
04.813  -1.494140625
04.818  -1.5234375
04.822  -1.533203125
04.827  -1.552734375
04.832  -1.591796875
04.837  -1.62109375
04.843  -1.630859375
04.848  -1.650390625
04.852  -1.689453125
04.857  -1.71875
04.862  -1.728515625
04.867  -1.748046875
04.872  -1.77734375
04.876  -1.796875
04.881  -1.787109375
04.887  -1.787109375
04.892  -1.806640625
04.897  -1.806640625
04.902  -1.796875
04.906  -1.77734375
04.911  -1.77734375
04.916  -1.767578125
04.921  -1.73828125
04.926  -1.71875
04.932  -1.69921875
04.936  -1.689453125
04.941  -1.650390625
04.946  -1.611328125
04.951  -1.591796875
04.956  -1.572265625
04.960  -1.533203125
04.965  -1.50390625
04.971  -1.484375
04.976  -1.474609375
04.981  -1.435546875
04.986  -1.40625
04.990  -1.38671875
04.995  -1.376953125
05.000  -1.357421875
05.005  -1.328125
05.010  -1.318359375
05.016  -1.318359375
05.020  -1.298828125
05.025  -1.26953125
05.030  -1.26953125
05.035  -1.26953125
05.040  -1.259765625
05.045  -1.240234375
05.049  -1.240234375
05.054  -1.240234375
05.060  -1.240234375
05.065  -1.220703125
05.070  -1.23046875
05.074  -1.240234375
05.079  -1.240234375
05.084  -1.23046875
05.089  -1.240234375
05.094  -1.25
05.100  -1.259765625
05.104  -1.259765625
05.109  -1.259765625
05.114  -1.279296875
05.119  -1.2890625
05.124  -1.2890625
05.129  -1.2890625
05.133  -1.30859375
05.138  -1.318359375
05.144  -1.318359375
05.149  -1.318359375
05.154  -1.337890625
05.158  -1.34765625
05.163  -1.337890625
05.168  -1.34765625
05.173  -1.3671875
05.178  -1.38671875
05.184  -1.3671875
05.188  -1.376953125
05.193  -1.38671875
05.198  -1.40625
05.203  -1.38671875
05.208  -1.38671875
05.213  -1.416015625
05.217  -1.42578125
05.222  -1.416015625
05.228  -1.42578125
05.233  -1.4453125
05.238  -1.455078125
05.242  -1.4453125
05.247  -1.455078125
05.252  -1.474609375
05.257  -1.484375
05.262  -1.484375
05.267  -1.484375
05.272  -1.50390625
05.277  -1.533203125
05.282  -1.513671875
05.287  -1.533203125
05.292  -1.552734375
05.297  -1.572265625
05.301  -1.572265625
05.306  -1.58203125
05.312  -1.6015625
05.317  -1.630859375
05.322  -1.630859375
05.326  -1.640625
05.331  -1.66015625
05.336  -1.689453125
05.341  -1.689453125
05.346  -1.708984375
05.351  -1.728515625
05.356  -1.767578125
05.361  -1.7578125
05.366  -1.787109375
05.371  -1.806640625
05.376  -1.8359375
05.381  -1.845703125
05.385  -1.865234375
05.390  -1.884765625
05.395  -1.923828125
05.401  -1.93359375
05.406  -1.943359375
05.411  -1.97265625
05.415  -2.01171875
05.420  -2.021484375
05.425  -2.03125
05.430  -2.060546875
05.435  -2.099609375
05.440  -2.119140625
05.445  -2.12890625
05.450  -2.158203125
05.455  -2.197265625
05.460  -2.216796875
05.465  -2.236328125
05.469  -2.255859375
05.474  -2.294921875
05.479  -2.314453125
05.485  -2.333984375
05.490  -2.34375
05.495  -2.392578125
05.499  -2.40234375
05.504  -2.421875
05.509  -2.44140625
05.514  -2.490234375
05.519  -2.509765625
05.523  -2.51953125
05.529  -2.529296875
05.534  -2.578125
05.539  -2.587890625
05.544  -2.587890625
05.549  -2.587890625
05.553  -2.607421875
05.558  -2.607421875
05.563  -2.578125
05.569  -2.578125
05.574  -2.578125
05.579  -2.55859375
05.583  -2.529296875
05.588  -2.509765625
05.593  -2.5
05.598  -2.48046875
05.603  -2.44140625
05.607  -2.421875
05.613  -2.412109375
05.618  -2.373046875
05.623  -2.353515625
05.628  -2.32421875
05.633  -2.314453125
05.637  -2.294921875
05.642  -2.255859375
05.647  -2.236328125
05.652  -2.2265625
05.658  -2.216796875
05.663  -2.1875
05.667  -2.158203125
05.672  -2.16796875
05.677  -2.16796875
05.682  -2.138671875
05.687  -2.12890625
05.691  -2.138671875
05.697  -2.138671875
05.702  -2.119140625
05.707  -2.119140625
05.712  -2.12890625
05.717  -2.138671875
05.721  -2.119140625
05.726  -2.12890625
05.731  -2.12890625
05.736  -2.1484375
05.742  -2.138671875
05.747  -2.138671875
05.751  -2.158203125
05.756  -2.177734375
05.761  -2.177734375
05.766  -2.177734375
05.771  -2.197265625
05.775  -2.216796875
05.780  -2.216796875
05.786  -2.216796875
05.791  -2.236328125
05.796  -2.255859375
05.801  -2.255859375
05.805  -2.255859375
05.810  -2.275390625
05.815  -2.294921875
05.820  -2.294921875
05.826  -2.294921875
05.831  -2.3046875
05.835  -2.32421875
05.840  -2.32421875
05.845  -2.314453125
05.850  -2.333984375
05.855  -2.34375
05.860  -2.353515625
05.864  -2.34375
05.870  -2.353515625
05.875  -2.373046875
05.880  -2.373046875
05.885  -2.36328125
05.889  -2.373046875
05.894  -2.40234375
05.899  -2.40234375
05.904  -2.40234375
05.910  -2.412109375
05.915  -2.431640625
05.919  -2.44140625
05.924  -2.431640625
05.929  -2.44140625
05.934  -2.4609375
05.939  -2.470703125
05.944  -2.4609375
05.948  -2.48046875
05.954  -2.5
05.959  -2.51953125
05.964  -2.509765625
05.969  -2.51953125
05.973  -2.5390625
05.978  -2.55859375
05.983  -2.55859375
05.988  -2.568359375
05.993  -2.59765625
05.999  -2.607421875
06.003  -2.607421875
06.008  -2.6171875
06.013  -2.646484375
06.018  -2.666015625
06.023  -2.65625
06.028  -2.666015625
06.032  -2.685546875
06.038  -2.71484375
06.043  -2.705078125
06.048  -2.724609375
06.053  -2.734375
06.057  -2.75390625
06.062  -2.75390625
06.067  -2.763671875
06.072  -2.783203125
06.077  -2.8125
06.083  -2.802734375
06.087  -2.8125
06.092  -2.841796875
06.097  -2.861328125
06.102  -2.861328125
06.107  -2.87109375
06.112  -2.880859375
06.116  -2.91015625
06.121  -2.91015625
06.127  -2.919921875
06.132  -2.939453125
06.137  -2.96875
06.141  -2.96875
06.146  -2.96875
06.151  -2.98828125
06.156  -3.017578125
06.161  -3.017578125
06.167  -3.02734375
06.171  -3.046875
06.176  -3.056640625
06.181  -3.06640625
06.186  -3.06640625
06.191  -3.076171875
06.196  -3.095703125
06.200  -3.076171875
06.205  -3.076171875
06.211  -3.056640625
06.216  -3.056640625
06.221  -3.017578125
06.225  -3.0078125
06.230  -2.978515625
06.235  -2.96875
06.240  -2.9296875
06.245  -2.890625
06.251  -2.8515625
06.255  -2.841796875
06.260  -2.802734375
06.265  -2.763671875
06.270  -2.724609375
06.275  -2.71484375
06.280  -2.67578125
06.284  -2.626953125
06.289  -2.607421875
06.295  -2.587890625
06.300  -2.55859375
06.305  -2.51953125
06.310  -2.5
06.314  -2.490234375
06.319  -2.470703125
06.324  -2.44140625
06.329  -2.412109375
06.334  -2.421875
06.339  -2.40234375
06.344  -2.3828125
06.349  -2.36328125
06.354  -2.373046875
06.359  -2.353515625
06.364  -2.34375
06.368  -2.333984375
06.373  -2.34375
06.379  -2.34375
06.384  -2.32421875
06.389  -2.314453125
06.394  -2.333984375
06.398  -2.333984375
06.403  -2.32421875
06.408  -2.32421875
06.413  -2.34375
06.418  -2.34375
06.423  -2.333984375
06.428  -2.32421875
06.433  -2.353515625
06.438  -2.36328125
06.443  -2.353515625
06.448  -2.353515625
06.452  -2.353515625
06.457  -2.373046875
06.462  -2.353515625
06.468  -2.36328125
06.473  -2.36328125
06.478  -2.373046875
06.482  -2.353515625
06.487  -2.353515625
06.492  -2.36328125
06.497  -2.373046875
06.502  -2.36328125
06.507  -2.353515625
06.512  -2.36328125
06.517  -2.373046875
06.522  -2.353515625
06.527  -2.34375
06.532  -2.353515625
06.536  -2.36328125
06.541  -2.353515625
06.546  -2.353515625
06.552  -2.353515625
06.557  -2.373046875
06.562  -2.36328125
06.566  -2.353515625
06.571  -2.36328125
06.576  -2.3828125
06.581  -2.373046875
06.586  -2.373046875
06.590  -2.373046875
06.596  -2.40234375
06.601  -2.40234375
06.606  -2.392578125
06.611  -2.40234375
06.616  -2.421875
06.620  -2.412109375
06.625  -2.421875
06.630  -2.431640625
06.636  -2.451171875
06.641  -2.4609375
06.646  -2.451171875
06.650  -2.470703125
06.655  -2.490234375
06.660  -2.490234375
06.665  -2.490234375
06.670  -2.5
06.675  -2.529296875
06.680  -2.5390625
06.685  -2.529296875
06.690  -2.5390625
06.695  -2.55859375
06.700  -2.578125
06.704  -2.568359375
06.709  -2.578125
06.714  -2.607421875
06.720  -2.6171875
06.725  -2.6171875
06.730  -2.626953125
06.734  -2.646484375
06.739  -2.666015625
06.744  -2.65625
06.749  -2.666015625
06.754  -2.6953125
06.759  -2.705078125
06.764  -2.705078125
06.769  -2.71484375
06.774  -2.734375
06.779  -2.75390625
06.784  -2.744140625
06.788  -2.763671875
06.793  -2.783203125
06.798  -2.79296875
06.803  -2.783203125
06.809  -2.79296875
06.814  -2.822265625
06.818  -2.841796875
06.823  -2.822265625
06.828  -2.822265625
06.833  -2.83203125
06.838  -2.83203125
06.843  -2.802734375
06.848  -2.79296875
06.853  -2.783203125
06.858  -2.763671875
06.863  -2.734375
06.868  -2.6953125
06.872  -2.67578125
06.877  -2.65625
06.882  -2.607421875
06.887  -2.568359375
06.893  -2.5390625
06.898  -2.509765625
06.902  -2.470703125
06.907  -2.431640625
06.912  -2.40234375
06.917  -2.373046875
06.922  -2.32421875
06.927  -2.294921875
06.931  -2.265625
06.937  -2.255859375
06.942  -2.20703125
06.947  -2.1875
06.952  -2.16796875
06.956  -2.158203125
06.961  -2.12890625
06.966  -2.099609375
06.971  -2.080078125
06.977  -2.08984375
06.982  -2.060546875
06.986  -2.05078125
06.991  -2.03125
06.996  -2.041015625
07.001  -2.021484375
07.006  -2.01171875
07.011  -2.01171875
07.015  -2.021484375
07.021  -2.01171875
07.026  -2.001953125
07.031  -2.001953125
07.036  -2.01171875
07.040  -2.01171875
07.045  -2.001953125
07.050  -2.01171875
07.055  -2.021484375
07.060  -2.021484375
07.066  -2.01171875
07.070  -2.021484375
07.075  -2.041015625
07.080  -2.03125
07.085  -2.03125
07.090  -2.03125
07.095  -2.05078125
07.099  -2.041015625
07.105  -2.03125
07.110  -2.03125
07.115  -2.05078125
07.120  -2.05078125
07.125  -2.03125
07.129  -2.03125
07.134  -2.05078125
07.139  -2.041015625
07.144  -2.03125
07.150  -2.03125
07.154  -2.041015625
07.159  -2.041015625
07.164  -2.03125
07.169  -2.03125
07.174  -2.041015625
07.179  -2.041015625
07.183  -2.03125
07.188  -2.03125
07.194  -2.05078125
07.199  -2.05078125
07.204  -2.041015625
07.209  -2.041015625
07.213  -2.060546875
07.218  -2.060546875
07.223  -2.060546875
07.228  -2.060546875
07.234  -2.08984375
07.238  -2.08984375
07.243  -2.08984375
07.248  -2.080078125
07.253  -2.109375
07.258  -2.119140625
07.263  -2.119140625
07.267  -2.119140625
07.272  -2.138671875
07.278  -2.1484375
07.283  -2.158203125
07.288  -2.158203125
07.293  -2.177734375
07.297  -2.197265625
07.302  -2.1875
07.307  -2.197265625
07.312  -2.216796875
07.318  -2.236328125
07.322  -2.236328125
07.327  -2.24609375
07.332  -2.255859375
07.337  -2.28515625
07.342  -2.275390625
07.347  -2.28515625
07.351  -2.3046875
07.356  -2.32421875
07.362  -2.32421875
07.367  -2.333984375
07.372  -2.353515625
07.377  -2.373046875
07.381  -2.373046875
07.386  -2.373046875
07.391  -2.40234375
07.396  -2.421875
07.401  -2.431640625
07.406  -2.431640625
07.411  -2.451171875
07.416  -2.470703125
07.421  -2.48046875
07.426  -2.490234375
07.431  -2.509765625
07.435  -2.529296875
07.440  -2.5390625
07.446  -2.5390625
07.451  -2.55859375
07.456  -2.578125
07.461  -2.578125
07.465  -2.568359375
07.470  -2.568359375
07.475  -2.578125
07.480  -2.55859375
07.485  -2.529296875
07.490  -2.509765625
07.495  -2.5
07.500  -2.470703125
07.505  -2.421875
07.510  -2.40234375
07.515  -2.3828125
07.519  -2.34375
07.524  -2.28515625
07.529  -2.265625
07.535  -2.236328125
07.540  -2.20703125
07.545  -2.1484375
07.549  -2.119140625
07.554  -2.08984375
07.559  -2.060546875
07.564  -2.021484375
07.569  -1.9921875
07.575  -1.97265625
07.579  -1.943359375
07.584  -1.904296875
07.589  -1.884765625
07.594  -1.875
07.599  -1.85546875
07.603  -1.826171875
07.608  -1.806640625
07.613  -1.806640625
07.619  -1.796875
07.624  -1.767578125
07.629  -1.7578125
07.633  -1.7578125
07.638  -1.7578125
07.643  -1.73828125
07.648  -1.728515625
07.653  -1.73828125
07.659  -1.73828125
07.663  -1.71875
07.668  -1.71875
07.673  -1.728515625
07.678  -1.748046875
07.683  -1.71875
07.687  -1.728515625
07.692  -1.728515625
07.697  -1.7578125
07.703  -1.73828125
07.708  -1.73828125
07.713  -1.748046875
07.717  -1.767578125
07.722  -1.748046875
07.727  -1.748046875
07.732  -1.767578125
07.737  -1.77734375
07.742  -1.767578125
07.747  -1.7578125
07.752  -1.767578125
07.757  -1.77734375
07.762  -1.77734375
07.767  -1.77734375
07.771  -1.77734375
07.776  -1.796875
07.781  -1.787109375
07.787  -1.77734375
07.792  -1.787109375
07.797  -1.796875
07.801  -1.787109375
07.806  -1.787109375
07.811  -1.796875
07.816  -1.81640625
07.821  -1.806640625
07.826  -1.806640625
07.831  -1.806640625
07.836  -1.826171875
07.841  -1.826171875
07.846  -1.826171875
07.851  -1.8359375
07.855  -1.85546875
07.860  -1.85546875
07.865  -1.85546875
07.870  -1.865234375
07.876  -1.89453125
07.881  -1.89453125
07.885  -1.89453125
07.890  -1.9140625
07.895  -1.93359375
07.900  -1.943359375
07.905  -1.943359375
07.910  -1.953125
07.915  -1.982421875
07.920  -2.001953125
07.925  -2.001953125
07.930  -2.01171875
07.935  -2.041015625
07.940  -2.060546875
07.944  -2.060546875
07.949  -2.0703125
07.954  -2.109375
07.960  -2.119140625
07.965  -2.119140625
07.969  -2.12890625
07.974  -2.16796875
07.979  -2.177734375
07.984  -2.1875
07.989  -2.197265625
07.994  -2.236328125
07.998  -2.24609375
08.004  -2.255859375
08.009  -2.275390625
08.014  -2.3046875
08.019  -2.32421875
08.024  -2.333984375
08.028  -2.34375
08.033  -2.373046875
08.038  -2.392578125
08.044  -2.40234375
08.049  -2.412109375
08.053  -2.451171875
08.058  -2.470703125
08.063  -2.470703125
08.068  -2.490234375
08.073  -2.51953125
08.078  -2.548828125
08.082  -2.548828125
08.088  -2.568359375
08.093  -2.587890625
08.098  -2.607421875
08.103  -2.59765625
08.108  -2.587890625
08.112  -2.59765625
08.117  -2.59765625
08.122  -2.578125
08.128  -2.55859375
08.133  -2.548828125
08.137  -2.529296875
08.142  -2.5
08.147  -2.451171875
08.152  -2.44140625
08.157  -2.421875
08.162  -2.373046875
08.166  -2.333984375
08.172  -2.3046875
08.177  -2.28515625
08.182  -2.236328125
08.187  -2.197265625
08.192  -2.177734375
08.196  -2.1484375
08.201  -2.109375
08.206  -2.080078125
08.211  -2.060546875
08.217  -2.05078125
08.221  -2.01171875
08.226  -1.982421875
08.231  -1.982421875
08.236  -1.97265625
08.241  -1.943359375
08.246  -1.923828125
08.250  -1.9140625
08.256  -1.923828125
08.261  -1.904296875
08.266  -1.884765625
08.271  -1.884765625
08.276  -1.884765625
08.280  -1.884765625
08.285  -1.875
08.290  -1.884765625
08.295  -1.89453125
08.301  -1.884765625
08.305  -1.875
08.310  -1.884765625
08.315  -1.904296875
08.320  -1.904296875
08.325  -1.89453125
08.330  -1.904296875
08.334  -1.923828125
08.339  -1.93359375
08.345  -1.923828125
08.350  -1.93359375
08.355  -1.953125
08.360  -1.953125
08.364  -1.93359375
08.369  -1.943359375
08.374  -1.962890625
08.379  -1.962890625
08.385  -1.953125
08.390  -1.962890625
08.394  -1.97265625
08.399  -1.982421875
08.404  -1.962890625
08.409  -1.97265625
08.414  -1.982421875
08.418  -1.9921875
08.423  -1.97265625
08.429  -1.982421875
08.434  -1.9921875
08.439  -1.9921875
08.444  -1.982421875
08.448  -1.982421875
08.453  -2.001953125
08.458  -2.001953125
08.463  -2.001953125
08.468  -2.001953125
08.474  -2.021484375
08.478  -2.021484375
08.483  -2.021484375
08.488  -2.021484375
08.493  -2.041015625
08.498  -2.060546875
08.502  -2.05078125
08.507  -2.060546875
08.513  -2.080078125
08.518  -2.08984375
08.523  -2.08984375
08.528  -2.099609375
08.532  -2.109375
08.537  -2.138671875
08.542  -2.12890625
08.547  -2.138671875
08.552  -2.1484375
08.558  -2.1875
08.562  -2.177734375
08.567  -2.197265625
08.572  -2.20703125
08.577  -2.236328125
08.582  -2.2265625
08.586  -2.236328125
08.591  -2.265625
08.596  -2.294921875
08.602  -2.28515625
08.607  -2.294921875
08.612  -2.314453125
08.616  -2.34375
08.621  -2.353515625
08.626  -2.36328125
08.631  -2.3828125
08.636  -2.412109375
08.642  -2.421875
08.646  -2.421875
08.651  -2.451171875
08.656  -2.48046875
08.661  -2.490234375
08.666  -2.5
08.670  -2.51953125
08.675  -2.55859375
08.680  -2.55859375
08.686  -2.568359375
08.691  -2.578125
08.696  -2.6171875
08.700  -2.6171875
08.705  -2.626953125
08.710  -2.63671875
08.715  -2.646484375
08.720  -2.63671875
08.726  -2.6171875
08.730  -2.607421875
08.735  -2.6171875
08.740  -2.587890625
08.745  -2.55859375
08.750  -2.529296875
08.754  -2.51953125
08.759  -2.490234375
08.764  -2.44140625
08.770  -2.412109375
08.775  -2.392578125
08.780  -2.353515625
08.784  -2.314453125
08.789  -2.275390625
08.794  -2.265625
08.799  -2.2265625
08.804  -2.1875
08.809  -2.1484375
08.814  -2.138671875
08.819  -2.109375
08.824  -2.0703125
08.829  -2.041015625
08.834  -2.041015625
08.839  -2.021484375
08.843  -1.9921875
08.848  -1.962890625
08.854  -1.962890625
08.859  -1.943359375
08.864  -1.923828125
08.868  -1.904296875
08.873  -1.9140625
08.878  -1.89453125
08.883  -1.875
08.888  -1.85546875
08.893  -1.865234375
08.898  -1.865234375
08.903  -1.8359375
08.908  -1.826171875
08.913  -1.845703125
08.918  -1.845703125
08.923  -1.826171875
08.927  -1.826171875
08.932  -1.8359375
08.937  -1.845703125
08.943  -1.865234375
08.948  -1.865234375
08.952  -1.845703125
08.957  -1.826171875
08.962  -1.865234375
08.967  -1.85546875
08.972  -1.845703125
08.977  -1.81640625
08.982  -1.865234375
08.987  -1.85546875
08.992  -1.826171875
08.997  -1.796875
09.002  -1.8359375
09.007  -1.826171875
09.011  -1.796875
09.016  -1.7578125
09.021  -1.787109375
09.027  -1.767578125
09.032  -1.73828125
09.036  -1.69921875
09.041  -1.728515625
09.046  -1.728515625
09.051  -1.69921875
09.056  -1.650390625
09.061  -1.669921875
09.065  -1.669921875
09.071  -1.650390625
09.076  -1.591796875
09.081  -1.62109375
09.086  -1.62109375
09.091  -1.591796875
09.095  -1.533203125
09.100  -1.552734375
09.105  -1.552734375
09.111  -1.5234375
09.116  -1.46484375
09.120  -1.474609375
09.125  -1.484375
09.130  -1.46484375
09.135  -1.38671875
09.140  -1.40625
09.145  -1.40625
09.149  -1.38671875
09.155  -1.318359375
09.160  -1.318359375
09.165  -1.318359375
09.170  -1.298828125
09.175  -1.240234375
09.179  -1.25
09.184  -1.259765625
09.189  -1.240234375
09.195  -1.181640625
09.200  -1.19140625
09.205  -1.2109375
09.209  -1.19140625
09.214  -1.1328125
09.219  -1.1328125
09.224  -1.142578125
09.229  -1.123046875
09.233  -1.07421875
09.239  -1.07421875
09.244  -1.09375
09.249  -1.083984375
09.254  -1.025390625
09.259  -1.025390625
09.263  -1.044921875
09.268  -1.044921875
09.273  -0.986328125
09.278  -0.9765625
09.284  -1.005859375
09.289  -0.99609375
09.293  -0.9375
09.298  -0.908203125
09.303  -0.908203125
09.308  -0.859375
09.313  -0.7421875
09.317  -0.673828125
09.323  -0.654296875
09.328  -0.60546875
09.333  -0.517578125
09.338  -0.46875
09.343  -0.478515625
09.347  -0.44921875
09.352  -0.400390625
09.357  -0.37109375
09.362  -0.400390625
09.368  -0.390625
09.373  -0.33203125
09.377  -0.283203125
09.382  -0.29296875
09.387  -0.25390625
09.392  -0.15625
09.397  -0.048828125
09.401  -0.009765625
09.406  0.068359375
09.412  0.1953125
09.417  0.341796875
09.422  0.4296875
09.427  0.576171875
09.431  0.791015625
09.436  0.986328125
09.441  1.025390625
09.446  1.083984375
09.452  1.123046875
09.457  1.142578125
09.461  1.1328125
09.466  1.162109375
09.471  1.171875
09.476  1.162109375
09.481  1.162109375
09.485  1.162109375
09.490  1.171875
09.496  1.162109375
09.501  1.162109375
09.506  1.171875
09.511  1.171875
09.515  1.162109375
09.520  1.171875
09.525  1.162109375
09.530  1.162109375
09.536  1.162109375
09.541  1.162109375
09.545  1.162109375
09.550  1.171875
09.555  1.171875
09.560  -5.0
09.564  -5.0
09.568  -5.0
09.572  -5.0
09.576  -5.0
09.581  -5.0
09.585  -5.0
09.589  -5.0
09.593  -5.0
09.596  -5.0
09.600  -5.0
09.604  -5.0
09.608  -5.0
09.612  -5.0
09.615  -5.0
09.619  -5.0
09.624  -5.0
09.628  -5.0
09.632  -5.0
09.635  -5.0
09.639  -5.0
09.643  -5.0
09.647  -5.0
09.651  -5.0
09.655  -5.0
09.658  -5.0
09.662  -5.0
09.667  -5.0
09.671  -5.0
09.675  -5.0
09.678  -5.0
09.682  -5.0
09.686  -5.0
09.690  -5.0
09.694  -5.0
09.697  -5.0
09.701  -5.0
09.705  -5.0
09.710  -5.0
09.714  -5.0
09.717  -5.0
09.721  -5.0
09.725  -5.0
09.729  -5.0
09.733  -5.0
09.737  -5.0
09.740  -5.0
09.744  -5.0
09.748  -5.0
09.753  -5.0
09.757  -5.0
09.760  -5.0
09.764  -5.0
09.768  -5.0
09.772  -5.0
09.776  -5.0
09.779  -5.0
09.783  -5.0
09.787  -5.0
09.792  -5.0
09.796  -5.0
09.799  -5.0
09.803  -5.0
09.807  -5.0
09.811  -5.0
09.815  -5.0
09.818  -5.0
09.822  -5.0
09.826  -5.0
09.830  -5.0
09.835  -5.0
