-00.000  -1.845703125
00.005  -1.845703125
00.009  -1.865234375
00.014  -1.85546875
00.018  -1.865234375
00.023  -1.865234375
00.028  -1.884765625
00.033  -1.884765625
00.038  -1.875
00.042  -1.875
00.047  -1.884765625
00.051  -1.89453125
00.056  -1.884765625
00.060  -1.884765625
00.065  -1.904296875
00.071  -1.9140625
00.075  -1.904296875
00.080  -1.904296875
00.084  -1.9140625
00.089  -1.93359375
00.093  -1.93359375
00.098  -1.93359375
00.103  -1.93359375
00.107  -1.962890625
00.112  -1.962890625
00.117  -1.962890625
00.122  -1.962890625
00.126  -1.982421875
00.131  -2.001953125
00.136  -2.001953125
00.140  -2.001953125
00.145  -2.021484375
00.149  -2.041015625
00.154  -2.041015625
00.159  -2.041015625
00.164  -2.05078125
00.169  -2.080078125
00.173  -2.080078125
00.178  -2.080078125
00.182  -2.08984375
00.187  -2.119140625
00.191  -2.138671875
00.196  -2.12890625
00.202  -2.138671875
00.206  -2.16796875
00.211  -2.1875
00.215  -2.177734375
00.220  -2.1875
00.224  -2.20703125
00.229  -2.2265625
00.234  -2.2265625
00.238  -2.236328125
00.244  -2.255859375
00.248  -2.275390625
00.253  -2.28515625
00.257  -2.28515625
00.262  -2.3046875
00.267  -2.32421875
00.271  -2.34375
00.276  -2.34375
00.280  -2.353515625
00.286  -2.3828125
00.290  -2.40234375
00.295  -2.40234375
00.300  -2.412109375
00.304  -2.421875
00.309  -2.4609375
00.313  -2.470703125
00.318  -2.470703125
00.322  -2.48046875
00.328  -2.509765625
00.332  -2.509765625
00.337  -2.490234375
00.342  -2.490234375
00.346  -2.490234375
00.351  -2.470703125
00.355  -2.431640625
00.360  -2.40234375
00.364  -2.373046875
00.370  -2.353515625
00.375  -2.3046875
00.379  -2.255859375
00.384  -2.216796875
00.388  -2.1875
00.393  -2.138671875
00.397  -2.08984375
00.402  -2.041015625
00.407  -2.01171875
00.412  -1.982421875
00.417  -1.923828125
00.421  -1.89453125
00.426  -1.875
00.430  -1.845703125
00.435  -1.806640625
00.440  -1.767578125
00.444  -1.748046875
00.449  -1.748046875
00.453  -1.71875
00.459  -1.689453125
00.463  -1.6796875
00.468  -1.6796875
00.473  -1.669921875
00.477  -1.650390625
00.482  -1.640625
00.486  -1.640625
00.491  -1.640625
00.495  -1.630859375
00.501  -1.62109375
00.506  -1.630859375
00.510  -1.640625
00.515  -1.630859375
00.519  -1.62109375
00.524  -1.640625
00.528  -1.650390625
00.533  -1.650390625
00.538  -1.650390625
00.543  -1.650390625
00.548  -1.6796875
00.552  -1.689453125
00.557  -1.6796875
00.561  -1.689453125
00.566  -1.708984375
00.571  -1.728515625
00.575  -1.71875
00.580  -1.728515625
00.585  -1.73828125
00.590  -1.7578125
00.594  -1.748046875
00.599  -1.7578125
00.604  -1.767578125
00.608  -1.787109375
00.613  -1.787109375
00.617  -1.77734375
00.622  -1.787109375
00.627  -1.806640625
00.632  -1.81640625
00.637  -1.796875
00.641  -1.806640625
00.646  -1.81640625
00.650  -1.826171875
00.655  -1.81640625
00.659  -1.826171875
00.664  -1.826171875
00.670  -1.845703125
00.674  -1.845703125
00.679  -1.845703125
00.683  -1.85546875
00.688  -1.875
00.692  -1.875
00.697  -1.865234375
00.702  -1.875
00.706  -1.89453125
00.712  -1.9140625
00.716  -1.904296875
00.721  -1.904296875
00.725  -1.923828125
00.730  -1.943359375
00.735  -1.943359375
00.739  -1.943359375
00.744  -1.953125
00.748  -1.982421875
00.754  -1.982421875
00.758  -1.982421875
00.763  -1.9921875
00.768  -2.03125
00.772  -2.041015625
00.777  -2.03125
00.781  -2.041015625
00.786  -2.0703125
00.790  -2.08984375
00.796  -2.080078125
00.801  -2.08984375
00.805  -2.109375
00.810  -2.138671875
00.814  -2.138671875
00.819  -2.1484375
00.823  -2.158203125
00.828  -2.1875
00.833  -2.197265625
00.837  -2.197265625
00.843  -2.20703125
00.847  -2.236328125
00.852  -2.24609375
00.856  -2.24609375
00.861  -2.265625
00.866  -2.28515625
00.870  -2.3046875
00.875  -2.3046875
00.879  -2.32421875
00.885  -2.34375
00.889  -2.373046875
00.894  -2.373046875
00.899  -2.3828125
00.903  -2.40234375
00.908  -2.431640625
00.912  -2.44140625
00.917  -2.451171875
00.921  -2.4609375
00.927  -2.490234375
00.931  -2.509765625
00.936  -2.509765625
00.941  -2.51953125
00.945  -2.529296875
00.950  -2.529296875
00.954  -2.509765625
00.959  -2.490234375
00.963  -2.470703125
00.969  -2.4609375
00.974  -2.421875
00.978  -2.3828125
00.983  -2.34375
00.987  -2.314453125
00.992  -2.28515625
00.996  -2.2265625
01.001  -2.1875
01.006  -2.158203125
01.011  -2.119140625
01.016  -2.0703125
01.020  -2.03125
01.025  -2.01171875
01.029  -1.982421875
01.034  -1.93359375
01.039  -1.904296875
01.043  -1.884765625
01.048  -1.875
01.053  -1.845703125
01.058  -1.81640625
01.062  -1.796875
01.067  -1.806640625
01.072  -1.787109375
01.076  -1.767578125
01.081  -1.7578125
01.085  -1.7578125
01.090  -1.7578125
01.095  -1.748046875
01.100  -1.73828125
01.105  -1.748046875
01.109  -1.7578125
01.114  -1.748046875
01.118  -1.748046875
01.123  -1.748046875
01.127  -1.77734375
01.132  -1.77734375
01.138  -1.767578125
01.142  -1.77734375
01.147  -1.806640625
01.151  -1.81640625
01.156  -1.81640625
01.160  -1.81640625
01.165  -1.845703125
01.170  -1.865234375
01.174  -1.85546875
01.180  -1.875
01.184  -1.884765625
01.189  -1.904296875
01.193  -1.904296875
01.198  -1.9140625
01.203  -1.923828125
01.207  -1.953125
01.212  -1.962890625
01.216  -1.953125
01.221  -1.962890625
01.226  -1.982421875
01.231  -1.9921875
01.236  -1.982421875
01.240  -1.9921875
01.245  -2.001953125
01.249  -2.021484375
01.254  -2.021484375
01.258  -2.021484375
01.263  -2.03125
01.269  -2.05078125
01.273  -2.05078125
01.278  -2.05078125
01.282  -2.060546875
01.287  -2.080078125
01.291  -2.08984375
01.296  -2.08984375
01.301  -2.099609375
01.305  -2.119140625
01.311  -2.138671875
01.315  -2.138671875
01.320  -2.1484375
01.324  -2.16796875
01.329  -2.1875
01.334  -2.197265625
01.338  -2.20703125
01.343  -2.216796875
01.347  -2.236328125
01.353  -2.255859375
01.357  -2.255859375
01.362  -2.275390625
01.367  -2.3046875
01.371  -2.32421875
01.376  -2.32421875
01.380  -2.34375
01.385  -2.3828125
01.389  -2.412109375
01.395  -2.421875
01.400  -2.44140625
01.404  -2.470703125
01.409  -2.51953125
01.413  -2.529296875
01.418  -2.5390625
01.422  -2.568359375
01.427  -2.59765625
01.432  -2.6171875
01.437  -2.626953125
01.442  -2.646484375
01.446  -2.67578125
01.451  -2.6953125
01.455  -2.6953125
01.460  -2.71484375
01.465  -2.744140625
01.469  -2.7734375
01.474  -2.783203125
01.479  -2.79296875
01.484  -2.8125
01.488  -2.8515625
01.493  -2.861328125
01.498  -2.880859375
01.502  -2.890625
01.507  -2.939453125
01.511  -2.958984375
01.516  -2.96875
01.520  -2.998046875
01.526  -3.037109375
01.530  -3.06640625
01.535  -3.06640625
01.540  -3.095703125
01.544  -3.115234375
01.549  -3.14453125
01.553  -3.134765625
01.558  -3.125
01.562  -3.125
01.568  -3.125
01.573  -3.115234375
01.577  -3.076171875
01.582  -3.056640625
01.586  -3.037109375
01.591  -3.0078125
01.595  -2.96875
01.600  -2.9296875
01.605  -2.91015625
01.610  -2.880859375
01.615  -2.83203125
01.619  -2.79296875
01.624  -2.763671875
01.628  -2.75390625
01.633  -2.71484375
01.638  -2.666015625
01.642  -2.65625
01.647  -2.646484375
01.652  -2.6171875
01.657  -2.587890625
01.661  -2.568359375
01.666  -2.568359375
01.671  -2.568359375
01.675  -2.548828125
01.680  -2.5390625
01.684  -2.5390625
01.689  -2.548828125
01.694  -2.529296875
01.699  -2.529296875
01.704  -2.5390625
01.708  -2.55859375
01.713  -2.548828125
01.717  -2.548828125
01.722  -2.55859375
01.726  -2.578125
01.731  -2.587890625
01.737  -2.587890625
01.741  -2.587890625
01.746  -2.607421875
01.750  -2.63671875
01.755  -2.626953125
01.759  -2.646484375
01.764  -2.65625
01.769  -2.67578125
01.773  -2.67578125
01.779  -2.685546875
01.783  -2.6953125
01.788  -2.71484375
01.792  -2.71484375
01.797  -2.71484375
01.802  -2.724609375
01.806  -2.75390625
01.811  -2.75390625
01.815  -2.744140625
01.821  -2.744140625
01.825  -2.763671875
01.830  -2.7734375
01.835  -2.763671875
01.839  -2.75390625
01.844  -2.763671875
01.848  -2.7734375
01.853  -2.763671875
01.857  -2.763671875
01.863  -2.763671875
01.868  -2.783203125
01.872  -2.7734375
01.877  -2.763671875
01.881  -2.763671875
01.886  -2.783203125
01.890  -2.783203125
01.895  -2.7734375
01.900  -2.7734375
01.904  -2.783203125
01.910  -2.802734375
01.914  -2.79296875
01.919  -2.79296875
01.923  -2.79296875
01.928  -2.8125
01.933  -2.8125
01.937  -2.802734375
01.942  -2.8125
01.946  -2.841796875
01.952  -2.841796875
01.956  -2.83203125
01.961  -2.841796875
01.966  -2.861328125
01.970  -2.87109375
01.975  -2.861328125
01.979  -2.87109375
01.984  -2.890625
01.988  -2.91015625
01.994  -2.900390625
01.999  -2.900390625
02.003  -2.91015625
02.008  -2.939453125
02.012  -2.939453125
02.017  -2.939453125
02.021  -2.94921875
02.026  -2.96875
02.031  -2.978515625
02.036  -2.978515625
02.041  -2.978515625
02.045  -2.998046875
02.050  -3.017578125
02.054  -3.0078125
02.059  -3.017578125
02.064  -3.02734375
02.068  -3.056640625
02.073  -3.046875
02.078  -3.056640625
02.083  -3.056640625
02.087  -3.095703125
02.092  -3.095703125
02.097  -3.095703125
02.101  -3.115234375
02.106  -3.134765625
02.110  -3.154296875
02.115  -3.14453125
02.120  -3.154296875
02.125  -3.173828125
02.129  -3.193359375
02.134  -3.193359375
02.139  -3.203125
02.143  -3.22265625
02.148  -3.2421875
02.152  -3.2421875
02.157  -3.232421875
02.162  -3.232421875
02.167  -3.232421875
02.172  -3.22265625
02.176  -3.193359375
02.181  -3.1640625
02.185  -3.134765625
02.190  -3.115234375
02.194  -3.056640625
02.199  -3.017578125
02.205  -2.98828125
02.209  -2.94921875
02.214  -2.890625
02.218  -2.841796875
02.223  -2.802734375
02.227  -2.763671875
02.232  -2.71484375
02.237  -2.666015625
02.241  -2.626953125
02.247  -2.59765625
02.251  -2.55859375
02.256  -2.51953125
02.260  -2.48046875
02.265  -2.4609375
02.270  -2.44140625
02.274  -2.40234375
02.279  -2.373046875
02.283  -2.353515625
02.288  -2.34375
02.293  -2.32421875
02.298  -2.3046875
02.303  -2.294921875
02.307  -2.294921875
02.312  -2.28515625
02.316  -2.265625
02.321  -2.255859375
02.325  -2.265625
02.330  -2.265625
02.336  -2.24609375
02.340  -2.24609375
02.345  -2.24609375
02.349  -2.255859375
02.354  -2.24609375
02.358  -2.24609375
02.363  -2.24609375
02.368  -2.275390625
02.372  -2.265625
02.378  -2.265625
02.382  -2.275390625
02.387  -2.294921875
02.391  -2.294921875
02.396  -2.294921875
02.401  -2.294921875
02.405  -2.32421875
02.410  -2.333984375
02.414  -2.32421875
02.420  -2.32421875
02.424  -2.333984375
02.429  -2.353515625
02.434  -2.34375
02.438  -2.333984375
02.443  -2.34375
02.447  -2.353515625
02.452  -2.353515625
02.456  -2.34375
02.462  -2.34375
02.467  -2.353515625
02.471  -2.36328125
02.476  -2.34375
02.480  -2.34375
02.485  -2.353515625
02.489  -2.36328125
02.494  -2.34375
02.499  -2.34375
02.504  -2.353515625
02.509  -2.373046875
02.513  -2.373046875
02.518  -2.36328125
02.522  -2.36328125
02.527  -2.3828125
02.532  -2.392578125
02.536  -2.373046875
02.541  -2.3828125
02.546  -2.40234375
02.551  -2.412109375
02.555  -2.40234375
02.560  -2.40234375
02.565  -2.421875
02.569  -2.44140625
02.574  -2.431640625
02.578  -2.431640625
02.583  -2.451171875
02.588  -2.470703125
02.593  -2.470703125
02.598  -2.470703125
02.602  -2.490234375
02.607  -2.5
02.611  -2.509765625
02.616  -2.5
02.621  -2.509765625
02.626  -2.548828125
02.632  -2.548828125
02.637  -2.548828125
02.641  -2.55859375
02.646  -2.578125
02.651  -2.59765625
02.656  -2.587890625
02.661  -2.59765625
02.666  -2.6171875
02.670  -2.63671875
02.676  -2.63671875
02.681  -2.63671875
02.686  -2.666015625
02.691  -2.666015625
02.696  -2.67578125
02.700  -2.685546875
02.705  -2.71484375
02.710  -2.724609375
02.716  -2.724609375
02.721  -2.724609375
02.725  -2.763671875
02.730  -2.783203125
02.735  -2.783203125
02.740  -2.79296875
02.745  -2.8125
02.750  -2.841796875
02.754  -2.83203125
02.760  -2.8515625
02.765  -2.87109375
02.770  -2.890625
02.775  -2.900390625
02.780  -2.919921875
02.784  -2.9296875
02.789  -2.94921875
02.794  -2.939453125
02.799  -2.919921875
02.805  -2.919921875
02.809  -2.91015625
02.814  -2.87109375
02.819  -2.83203125
02.824  -2.802734375
02.829  -2.763671875
02.834  -2.724609375
02.838  -2.666015625
02.844  -2.63671875
02.849  -2.59765625
02.854  -2.5390625
02.859  -2.470703125
02.864  -2.44140625
02.868  -2.412109375
02.873  -2.353515625
02.878  -2.3046875
02.883  -2.265625
02.889  -2.24609375
02.893  -2.20703125
02.898  -2.16796875
02.903  -2.138671875
02.908  -2.12890625
02.913  -2.08984375
02.918  -2.0703125
02.922  -2.041015625
02.927  -2.05078125
02.933  -2.03125
02.938  -2.01171875
02.943  -2.001953125
02.948  -2.01171875
02.952  -1.9921875
02.957  -1.982421875
02.962  -1.982421875
02.967  -1.9921875
02.973  -1.9921875
02.977  -1.982421875
02.982  -1.9921875
02.987  -2.01171875
02.992  -2.01171875
02.997  -2.001953125
03.002  -2.01171875
03.006  -2.041015625
03.011  -2.05078125
03.017  -2.041015625
03.022  -2.05078125
03.027  -2.0703125
03.032  -2.08984375
03.036  -2.08984375
03.041  -2.099609375
03.046  -2.119140625
03.051  -2.12890625
03.056  -2.119140625
03.061  -2.119140625
03.066  -2.1484375
03.071  -2.158203125
03.076  -2.138671875
03.081  -2.1484375
03.086  -2.16796875
03.090  -2.16796875
03.095  -2.158203125
03.101  -2.158203125
03.106  -2.177734375
03.111  -2.177734375
03.116  -2.16796875
03.120  -2.177734375
03.125  -2.1875
03.130  -2.1875
03.135  -2.177734375
03.140  -2.1875
03.146  -2.197265625
03.150  -2.216796875
03.155  -2.20703125
03.160  -2.20703125
03.165  -2.216796875
03.170  -2.236328125
03.174  -2.236328125
03.179  -2.236328125
03.184  -2.255859375
03.190  -2.275390625
03.195  -2.265625
03.200  -2.265625
03.204  -2.28515625
03.209  -2.314453125
03.214  -2.3046875
03.219  -2.314453125
03.224  -2.32421875
03.230  -2.353515625
03.234  -2.353515625
03.239  -2.36328125
03.244  -2.373046875
03.249  -2.40234375
03.254  -2.40234375
03.258  -2.40234375
03.263  -2.431640625
03.268  -2.451171875
03.274  -2.451171875
03.279  -2.4609375
03.284  -2.48046875
03.288  -2.509765625
03.293  -2.5
03.298  -2.509765625
03.303  -2.51953125
03.308  -2.55859375
03.314  -2.55859375
03.318  -2.568359375
03.323  -2.578125
03.328  -2.607421875
03.333  -2.6171875
03.338  -2.6171875
03.342  -2.646484375
03.347  -2.67578125
03.352  -2.67578125
03.358  -2.685546875
03.363  -2.705078125
03.368  -2.734375
03.372  -2.734375
03.377  -2.744140625
03.382  -2.763671875
03.387  -2.802734375
03.392  -2.802734375
03.397  -2.8125
03.402  -2.83203125
03.407  -2.861328125
03.412  -2.880859375
03.422  -2.900390625
03.426  -2.9296875
03.431  -2.919921875
03.436  -2.91015625
03.442  -2.890625
03.447  -2.91015625
03.452  -2.880859375
03.456  -2.8515625
03.461  -2.8125
03.466  -2.79296875
03.471  -2.744140625
03.476  -2.6953125
03.481  -2.646484375
03.486  -2.6171875
03.491  -2.568359375
03.496  -2.5
03.501  -2.451171875
03.506  -2.421875
03.511  -2.373046875
03.515  -2.314453125
03.520  -2.275390625
03.525  -2.255859375
03.531  -2.216796875
03.536  -2.16796875
03.540  -2.138671875
03.545  -2.119140625
03.550  -2.099609375
03.555  -2.060546875
03.560  -2.041015625
03.565  -2.041015625
03.570  -2.03125
03.575  -2.001953125
03.580  -1.982421875
03.585  -1.9921875
03.595  -1.982421875
03.599  -1.97265625
03.604  -1.982421875
03.609  -1.982421875
03.615  -1.97265625
03.620  -1.97265625
03.624  -1.9921875
03.629  -2.001953125
03.634  -2.001953125
03.639  -2.001953125
03.644  -2.021484375
03.649  -2.041015625
03.653  -2.041015625
03.659  -2.05078125
03.664  -2.060546875
03.669  -2.080078125
03.674  -2.0703125
03.679  -2.080078125
03.683  -2.099609375
03.688  -2.109375
03.693  -2.119140625
03.699  -2.109375
03.704  -2.12890625
03.708  -2.138671875
03.713  -2.138671875
03.718  -2.119140625
03.723  -2.138671875
03.728  -2.158203125
03.733  -2.1484375
03.737  -2.138671875
03.743  -2.1484375
03.748  -2.158203125
03.753  -2.1484375
03.758  -2.138671875
03.763  -2.1484375
03.767  -2.16796875
03.772  -2.158203125
03.777  -2.1484375
03.783  -2.158203125
03.788  -2.177734375
03.792  -2.177734375
03.797  -2.16796875
03.802  -2.177734375
03.807  -2.197265625
03.812  -2.197265625
03.817  -2.197265625
03.821  -2.20703125
03.827  -2.2265625
03.832  -2.2265625
03.837  -2.2265625
03.842  -2.2265625
03.847  -2.265625
03.851  -2.265625
03.856  -2.265625
03.861  -2.275390625
03.866  -2.294921875
03.872  -2.314453125
03.876  -2.3046875
03.881  -2.32421875
03.886  -2.333984375
03.891  -2.353515625
03.896  -2.353515625
03.901  -2.373046875
03.905  -2.3828125
03.911  -2.40234375
03.916  -2.392578125
03.921  -2.412109375
03.926  -2.431640625
03.931  -2.451171875
03.935  -2.451171875
03.940  -2.451171875
03.945  -2.48046875
03.950  -2.5
03.956  -2.490234375
03.961  -2.509765625
03.965  -2.529296875
03.970  -2.548828125
03.975  -2.548828125
03.980  -2.55859375
03.985  -2.587890625
03.989  -2.59765625
03.994  -2.59765625
04.000  -2.6171875
04.005  -2.63671875
04.010  -2.666015625
04.015  -2.666015625
04.019  -2.67578125
04.024  -2.685546875
04.029  -2.724609375
04.034  -2.71484375
04.040  -2.734375
04.045  -2.75390625
04.049  -2.783203125
04.054  -2.7734375
04.059  -2.79296875
04.064  -2.79296875
04.069  -2.8125
04.073  -2.783203125
04.078  -2.763671875
04.084  -2.75390625
04.089  -2.734375
04.094  -2.6953125
04.099  -2.646484375
04.103  -2.6171875
04.108  -2.578125
04.113  -2.529296875
04.118  -2.470703125
04.124  -2.421875
04.129  -2.392578125
04.133  -2.333984375
04.138  -2.28515625
04.143  -2.24609375
04.148  -2.20703125
04.153  -2.158203125
04.157  -2.119140625
04.162  -2.080078125
04.168  -2.0703125
04.173  -2.03125
04.178  -1.9921875
04.183  -1.97265625
04.187  -1.962890625
04.192  -1.923828125
04.197  -1.9140625
04.202  -1.89453125
04.207  -1.904296875
04.213  -1.884765625
04.217  -1.865234375
04.222  -1.865234375
04.227  -1.875
04.232  -1.865234375
04.237  -1.85546875
04.241  -1.85546875
04.246  -1.875
04.252  -1.875
04.257  -1.875
04.262  -1.875
04.267  -1.904296875
04.271  -1.904296875
04.276  -1.904296875
04.281  -1.904296875
04.286  -1.943359375
04.291  -1.953125
04.297  -1.953125
04.301  -1.962890625
04.306  -1.9921875
04.311  -2.001953125
04.316  -2.001953125
04.321  -2.001953125
04.325  -2.03125
04.330  -2.021484375
04.335  -2.03125
04.341  -2.03125
04.346  -2.05078125
04.351  -2.05078125
04.355  -2.041015625
04.360  -2.041015625
04.365  -2.060546875
04.370  -2.060546875
04.375  -2.05078125
04.381  -2.05078125
04.385  -2.060546875
04.390  -2.0703125
04.395  -2.060546875
04.400  -2.05078125
04.405  -2.0703125
04.410  -2.080078125
04.414  -2.0703125
04.419  -2.060546875
04.425  -2.080078125
04.430  -2.08984375
04.435  -2.080078125
04.439  -2.080078125
04.444  -2.099609375
04.449  -2.109375
04.454  -2.099609375
04.459  -2.109375
04.464  -2.12890625
04.469  -2.138671875
04.474  -2.138671875
04.479  -2.138671875
04.484  -2.16796875
04.489  -2.177734375
04.494  -2.177734375
04.498  -2.16796875
04.503  -2.197265625
04.509  -2.216796875
04.514  -2.216796875
04.519  -2.216796875
04.523  -2.236328125
04.528  -2.255859375
04.533  -2.255859375
04.538  -2.265625
04.543  -2.28515625
04.548  -2.3046875
04.553  -2.314453125
04.558  -2.314453125
04.563  -2.34375
04.568  -2.36328125
04.573  -2.36328125
04.578  -2.373046875
04.582  -2.392578125
04.587  -2.412109375
04.592  -2.412109375
04.598  -2.421875
04.603  -2.44140625
04.607  -2.4609375
04.612  -2.470703125
04.617  -2.470703125
04.622  -2.5
04.627  -2.51953125
04.632  -2.529296875
04.637  -2.529296875
04.642  -2.5390625
04.647  -2.568359375
04.652  -2.578125
04.657  -2.578125
04.662  -2.59765625
04.666  -2.6171875
04.671  -2.63671875
04.676  -2.63671875
04.682  -2.646484375
04.687  -2.67578125
04.691  -2.685546875
04.696  -2.685546875
04.701  -2.685546875
04.706  -2.6953125
04.711  -2.685546875
04.716  -2.666015625
04.720  -2.646484375
04.726  -2.626953125
04.731  -2.587890625
04.736  -2.5390625
04.741  -2.490234375
04.746  -2.451171875
04.750  -2.412109375
04.755  -2.34375
04.760  -2.294921875
04.766  -2.24609375
04.771  -2.197265625
04.776  -2.12890625
04.780  -2.080078125
04.785  -2.041015625
04.790  -2.001953125
04.795  -1.943359375
04.800  -1.89453125
04.804  -1.865234375
04.810  -1.8359375
04.815  -1.787109375
04.820  -1.7578125
04.825  -1.73828125
04.830  -1.728515625
04.834  -1.689453125
04.839  -1.66015625
04.844  -1.66015625
04.850  -1.66015625
04.855  -1.630859375
04.860  -1.62109375
04.864  -1.62109375
04.869  -1.62109375
04.874  -1.611328125
04.879  -1.6015625
04.884  -1.611328125
04.888  -1.62109375
04.894  -1.6015625
04.899  -1.6015625
04.904  -1.62109375
04.909  -1.630859375
04.914  -1.62109375
04.918  -1.630859375
04.923  -1.650390625
04.928  -1.669921875
04.933  -1.66015625
04.939  -1.669921875
04.944  -1.6796875
04.948  -1.708984375
04.953  -1.708984375
04.958  -1.71875
04.963  -1.728515625
04.968  -1.748046875
04.972  -1.748046875
04.978  -1.7578125
04.983  -1.767578125
04.988  -1.787109375
04.993  -1.77734375
04.998  -1.796875
05.007  -1.806640625
05.012  -1.81640625
05.017  -1.81640625
05.023  -1.81640625
05.028  -1.8359375
05.032  -1.845703125
05.037  -1.8359375
05.042  -1.845703125
05.047  -1.865234375
05.052  -1.85546875
05.056  -1.865234375
05.061  -1.865234375
05.067  -1.89453125
05.072  -1.884765625
05.077  -1.89453125
05.082  -1.89453125
05.086  -1.923828125
05.091  -1.9140625
05.096  -1.93359375
05.101  -1.93359375
05.107  -1.962890625
05.112  -1.962890625
05.116  -1.97265625
05.121  -1.982421875
05.126  -2.001953125
05.131  -2.021484375
05.136  -2.021484375
05.140  -2.041015625
05.145  -2.060546875
05.151  -2.0703125
05.156  -2.080078125
05.161  -2.08984375
05.166  -2.119140625
05.170  -2.138671875
05.175  -2.138671875
05.180  -2.1484375
05.185  -2.1875
05.191  -2.197265625
05.196  -2.197265625
05.200  -2.216796875
05.205  -2.24609375
05.210  -2.255859375
05.215  -2.265625
05.220  -2.265625
05.225  -2.3046875
05.229  -2.314453125
05.235  -2.32421875
05.240  -2.32421875
05.245  -2.353515625
05.250  -2.36328125
05.254  -2.3828125
05.259  -2.392578125
05.264  -2.412109375
05.269  -2.44140625
05.274  -2.44140625
05.280  -2.451171875
05.284  -2.48046875
05.289  -2.509765625
05.294  -2.548828125
05.299  -2.55859375
05.304  -2.55859375
05.309  -2.55859375
05.313  -2.6171875
05.319  -2.63671875
05.324  -2.626953125
05.329  -2.63671875
05.334  -2.6953125
05.338  -2.705078125
05.343  -2.6953125
05.348  -2.67578125
05.353  -2.71484375
05.358  -2.6953125
05.364  -2.666015625
05.368  -2.6171875
05.373  -2.63671875
05.378  -2.607421875
05.383  -2.548828125
05.388  -2.48046875
05.393  -2.5
05.397  -2.4609375
05.402  -2.40234375
05.408  -2.333984375
05.413  -2.333984375
05.418  -2.294921875
05.422  -2.24609375
05.427  -2.177734375
05.432  -2.16796875
05.437  -2.138671875
05.442  -2.08984375
05.448  -2.021484375
05.452  -2.01171875
05.457  -2.001953125
05.462  -1.962890625
05.467  -1.89453125
05.472  -1.904296875
05.477  -1.904296875
05.481  -1.875
05.486  -1.826171875
05.492  -1.845703125
05.497  -1.85546875
05.502  -1.85546875
05.506  -1.806640625
05.511  -1.845703125
05.516  -1.865234375
05.521  -1.865234375
05.526  -1.826171875
05.532  -1.875
05.536  -1.904296875
05.541  -1.9140625
05.546  -1.884765625
05.551  -1.923828125
05.556  -1.962890625
05.561  -1.9921875
05.565  -1.962890625
05.570  -2.001953125
05.576  -2.05078125
05.581  -2.0703125
05.586  -2.05078125
05.590  -2.0703125
05.595  -2.12890625
05.600  -2.138671875
05.605  -2.099609375
05.610  -2.119140625
05.615  -2.158203125
05.620  -2.177734375
05.625  -2.138671875
05.630  -2.1484375
05.635  -2.1875
05.640  -2.1875
05.645  -2.1484375
05.649  -2.158203125
05.654  -2.197265625
05.660  -2.20703125
05.665  -2.16796875
05.670  -2.177734375
05.675  -2.216796875
05.679  -2.216796875
05.684  -2.1875
05.689  -2.177734375
05.694  -2.216796875
05.699  -2.2265625
05.704  -2.197265625
05.709  -2.1875
05.714  -2.2265625
05.719  -2.236328125
05.724  -2.20703125
05.729  -2.1875
05.733  -2.24609375
05.738  -2.24609375
05.743  -2.216796875
05.749  -2.197265625
05.754  -2.24609375
05.759  -2.255859375
05.763  -2.2265625
05.768  -2.20703125
05.773  -2.255859375
05.778  -2.265625
05.783  -2.236328125
05.788  -2.2265625
05.793  -2.275390625
05.798  -2.294921875
05.803  -2.265625
05.808  -2.255859375
05.813  -2.294921875
05.817  -2.294921875
05.822  -2.216796875
05.827  -2.138671875
05.833  -2.08984375
05.838  -1.953125
05.843  -1.708984375
05.847  -1.4453125
05.852  -1.23046875
05.857  -0.966796875
05.862  -0.654296875
05.867  -0.29296875
05.871  0.0
05.877  0.361328125
05.882  0.791015625
05.887  1.162109375
05.892  1.181640625
05.897  1.19140625
05.901  1.181640625
05.906  1.181640625
05.911  1.19140625
05.917  1.19140625
05.922  1.181640625
05.927  1.19140625
05.931  1.181640625
05.936  1.19140625
05.941  1.19140625
05.946  1.181640625
05.951  1.19140625
05.955  1.19140625
05.961  1.19140625
05.966  1.19140625
05.971  1.19140625
05.976  1.19140625
05.981  1.19140625
05.985  1.181640625
05.990  1.181640625
05.995  1.19140625
06.000  1.19140625
06.006  1.19140625
06.011  1.19140625
06.015  1.19140625
06.020  1.19140625
06.025  1.19140625
06.030  -3.369140625
06.035  -5.0
06.039  -5.0
06.044  -5.0
06.048  -5.0
06.052  -5.0
06.055  -5.0
06.059  -5.0
06.063  -5.0
06.067  -5.0
06.071  -5.0
06.075  -5.0
06.078  -5.0
06.082  -5.0
06.087  -5.0
06.091  -5.0
06.095  -5.0
06.098  -5.0
06.102  -5.0
06.106  -5.0
06.110  -5.0
06.114  -5.0
06.117  -5.0
06.121  -5.0
06.125  -5.0
06.130  -5.0
06.134  -5.0
06.137  -5.0
06.141  -5.0
06.145  -5.0
06.149  -5.0
06.153  -5.0
06.157  -5.0
06.160  -5.0
06.164  -5.0
06.168  -5.0
06.173  -5.0
06.177  -5.0
06.180  -5.0
06.184  -5.0
06.188  -5.0
06.192  -5.0
06.196  -5.0
06.199  -5.0
06.203  -5.0
06.207  -5.0
06.211  -5.0
06.216  -5.0
06.219  -5.0
06.223  -5.0
06.227  -5.0
06.231  -5.0
06.235  -5.0
06.238  -5.0
06.242  -5.0
06.246  -5.0
06.250  -5.0
06.254  -5.0
06.259  -5.0
06.262  -5.0
06.266  -5.0
06.270  -5.0
06.274  -5.0
06.278  -5.0
06.281  -5.0
06.285  -5.0
06.289  -5.0
06.293  -5.0
06.297  -5.0
06.301  -5.0
06.305  -5.0
06.309  -5.0
06.313  -5.0
06.317  -5.0
06.320  -5.0
06.324  -5.0
06.328  -5.0
06.332  -5.0
06.336  -5.0
06.340  -5.0
06.344  -5.0
06.348  -5.0
06.352  -5.0
06.356  -5.0
06.360  -5.0
06.363  -5.0
06.367  -5.0
06.371  -5.0
06.375  -5.0
06.379  -5.0
06.382  -5.0
06.387  -5.0
06.391  -5.0
06.395  -5.0
06.399  -5.0
06.402  -5.0
06.406  -5.0
06.410  -5.0
06.414  -5.0
06.418  -5.0
06.421  -5.0
06.425  -5.0
06.430  -5.0
06.434  -5.0
06.438  -5.0
06.442  -5.0
06.445  -5.0
06.449  -5.0
06.453  -5.0
06.457  -5.0
06.461  -5.0
06.464  -5.0
06.468  -5.0
06.473  -5.0
06.477  -5.0
06.481  -5.0
06.484  -5.0
06.488  -5.0
06.492  -5.0
06.496  -5.0
06.500  -5.0
06.503  -5.0
06.507  -5.0
06.511  -5.0
06.516  -5.0
06.520  -5.0
06.524  -5.0
06.527  -5.0
06.531  -5.0
06.535  -5.0
06.539  -5.0
06.543  -5.0
06.546  -5.0
06.550  -5.0
06.554  -5.0
06.559  -5.0
06.563  -5.0
06.566  -5.0
06.570  -5.0
06.574  -5.0
06.578  -5.0
06.582  1.201171875
06.586  1.201171875
06.591  1.2109375
06.596  1.201171875
06.602  1.201171875
06.607  1.19140625
06.612  1.201171875
06.616  1.19140625
06.621  1.201171875
06.626  1.201171875
06.631  1.201171875
06.636  1.19140625
06.642  1.201171875
06.646  1.19140625
06.651  1.201171875
06.656  1.201171875
06.661  1.19140625
06.666  1.19140625
06.670  1.19140625
06.675  1.19140625
06.680  1.19140625
06.686  1.201171875
06.691  1.19140625
06.696  1.19140625
06.700  1.19140625
06.705  1.19140625
06.710  1.19140625
06.715  1.19140625
06.720  1.19140625
06.725  1.201171875
06.730  1.19140625
06.735  1.19140625
06.740  1.19140625
06.745  1.19140625
06.750  1.19140625
06.754  1.19140625
06.759  1.201171875
06.764  1.19140625
06.770  1.19140625
06.775  1.19140625
06.780  1.19140625
06.784  1.19140625
06.789  1.19140625
06.794  1.19140625
06.799  1.19140625
06.804  1.19140625
06.809  1.19140625
06.814  1.19140625
06.819  1.19140625
06.824  1.201171875
06.829  1.19140625
06.834  1.19140625
06.839  1.19140625
06.843  1.19140625
06.848  1.19140625
06.853  1.19140625
06.859  1.19140625
06.864  1.19140625
06.868  1.19140625
06.873  1.19140625
06.878  1.19140625
06.883  1.19140625
06.888  1.19140625
06.893  1.19140625
06.898  1.19140625
06.903  1.19140625
06.908  1.19140625
06.913  1.19140625
06.918  1.19140625
06.923  1.19140625
06.927  1.19140625
06.932  1.19140625
06.937  1.19140625
06.943  1.19140625
06.948  1.19140625
06.952  1.19140625
06.957  1.19140625
06.962  1.19140625
06.967  1.19140625
06.972  1.19140625
06.977  1.19140625
06.981  1.19140625
06.987  1.19140625
06.992  1.201171875
06.997  1.19140625
07.002  1.19140625
07.007  1.19140625
07.011  1.19140625
07.016  1.19140625
07.021  1.19140625
07.027  1.19140625
07.032  1.19140625
07.036  1.19140625
07.041  1.19140625
07.046  1.19140625
07.051  1.19140625
07.056  1.19140625
07.061  1.19140625
07.065  1.201171875
07.071  1.19140625
07.076  1.19140625
07.081  1.19140625
07.086  1.19140625
07.091  1.19140625
07.095  1.19140625
07.100  1.19140625
07.105  1.19140625
07.111  1.19140625
07.116  1.19140625
07.120  1.19140625
07.125  1.19140625
07.130  1.201171875
07.135  1.19140625
07.140  1.19140625
07.145  1.19140625
07.149  1.19140625
07.155  1.201171875
07.160  1.19140625
07.165  1.19140625
07.170  1.19140625
07.175  1.19140625
07.179  1.19140625
07.184  1.19140625
07.189  1.19140625
07.194  1.19140625
07.200  1.19140625
07.204  1.19140625
07.209  1.19140625
07.214  1.19140625
07.219  1.19140625
07.224  1.19140625
07.229  1.19140625
07.233  1.19140625
07.239  1.19140625
07.244  1.19140625
07.249  1.19140625
07.254  1.19140625
07.259  1.19140625
07.263  1.19140625
07.268  1.19140625
07.273  1.19140625
07.278  1.19140625
07.284  1.19140625
07.289  1.19140625
07.293  1.19140625
07.298  1.19140625
07.303  1.19140625
07.308  1.19140625
07.313  1.19140625
07.317  1.19140625
07.322  1.19140625
07.328  1.19140625
07.333  1.19140625
07.338  1.19140625
07.343  1.19140625
07.347  1.19140625
07.352  1.19140625
07.357  1.19140625
07.362  1.19140625
07.368  1.19140625
07.373  1.19140625
07.377  1.19140625
07.382  1.19140625
07.387  1.19140625
07.392  1.19140625
07.397  1.19140625
07.401  1.19140625
07.406  1.19140625
07.412  1.19140625
07.417  1.19140625
07.422  1.19140625
07.427  1.19140625
07.431  1.19140625
07.436  1.19140625
07.441  1.19140625
07.446  1.19140625
07.452  1.19140625
07.457  1.19140625
07.461  1.19140625
07.466  1.19140625
07.471  1.19140625
07.476  1.19140625
07.481  1.19140625
07.485  1.19140625
07.490  1.19140625
07.496  1.19140625
07.501  1.19140625
07.506  1.19140625
07.511  1.201171875
07.515  1.19140625
07.520  1.19140625
07.525  1.19140625
07.530  1.19140625
07.535  1.19140625
07.541  1.19140625
07.545  1.19140625
07.550  1.19140625
07.555  1.19140625
07.560  1.19140625
07.565  1.19140625
07.569  1.19140625
07.574  1.201171875
07.580  1.19140625
07.585  1.19140625
07.590  1.19140625
07.595  1.19140625
07.599  1.19140625
07.604  1.19140625
07.609  1.19140625
07.614  1.19140625
07.619  1.19140625
07.625  1.19140625
07.629  1.19140625
07.634  1.19140625
07.639  1.19140625
07.644  1.19140625
07.649  1.19140625
07.653  1.19140625
07.658  1.19140625
07.663  1.19140625
07.669  1.19140625
07.674  1.19140625
07.679  1.181640625
07.683  1.19140625
07.688  1.19140625
07.693  1.19140625
07.698  1.19140625
07.703  1.19140625
07.709  1.19140625
07.713  1.19140625
07.718  1.19140625
07.723  1.19140625
07.728  1.19140625
07.733  1.19140625
07.738  1.19140625
07.742  1.19140625
07.747  1.19140625
07.753  1.19140625
07.758  1.19140625
07.763  1.19140625
07.767  1.19140625
07.772  1.19140625
07.777  1.19140625
07.782  1.19140625
07.787  1.19140625
07.792  1.19140625
07.797  1.19140625
07.802  1.19140625
07.807  1.19140625
07.812  1.19140625
07.817  1.19140625
07.822  1.19140625
07.826  1.19140625
07.831  1.19140625
07.837  1.19140625
07.842  1.19140625
07.847  1.19140625
07.851  1.19140625
07.856  1.19140625
07.861  1.19140625
07.866  1.19140625
07.871  1.19140625
07.876  1.19140625
07.881  1.201171875
07.886  1.19140625
07.891  1.19140625
07.896  1.19140625
07.901  1.19140625
07.906  1.19140625
07.910  1.19140625
07.915  1.19140625
07.920  1.19140625
07.926  1.19140625
07.931  1.19140625
07.935  1.19140625
07.940  1.19140625
07.945  1.19140625
07.950  1.19140625
07.955  1.201171875
07.960  1.19140625
07.965  1.19140625
07.970  1.19140625
07.975  1.19140625
07.980  1.19140625
07.985  1.19140625
07.990  1.19140625
07.994  1.201171875
07.999  1.19140625
08.004  1.19140625
08.010  1.19140625
08.015  1.19140625
08.019  1.201171875
08.024  1.19140625
08.029  1.19140625
08.034  1.201171875
08.039  1.19140625
08.044  1.19140625
08.048  1.19140625
08.054  1.19140625
08.059  1.19140625
08.064  1.19140625
08.069  1.19140625
08.074  1.19140625
08.078  1.19140625
08.083  1.19140625
08.088  1.19140625
08.094  1.201171875
08.099  1.19140625
08.104  1.19140625
08.108  1.19140625
08.113  1.19140625
08.118  1.19140625
08.123  1.19140625
08.128  1.19140625
08.132  1.19140625
08.138  1.171875
08.143  1.1328125
08.148  1.09375
08.153  1.025390625
08.158  1.005859375
08.162  1.005859375
08.167  1.005859375
08.172  0.966796875
08.178  0.966796875
08.183  1.005859375
08.188  1.015625
08.192  0.986328125
08.197  0.986328125
08.202  1.015625
08.207  1.03515625
08.212  1.005859375
08.216  1.015625
08.222  1.03515625
08.227  1.0546875
08.232  1.025390625
08.237  1.015625
08.242  1.025390625
08.246  1.03515625
08.251  0.99609375
08.256  0.986328125
08.261  0.99609375
08.267  1.005859375
08.272  0.95703125
08.276  0.947265625
08.281  0.9375
08.286  0.947265625
08.291  0.8984375
08.296  0.869140625
08.300  0.849609375
08.306  0.859375
08.311  0.810546875
08.316  0.76171875
08.321  0.7421875
08.326  0.7421875
08.330  0.693359375
08.335  0.634765625
08.340  0.615234375
08.345  0.60546875
08.351  0.546875
08.356  0.48828125
08.360  0.458984375
08.365  0.44921875
08.370  0.390625
08.375  0.33203125
08.380  0.29296875
08.384  0.2734375
08.389  0.21484375
08.395  0.15625
08.400  0.1171875
08.405  0.087890625
08.410  0.029296875
08.414  -0.0390625
08.419  -0.087890625
08.424  -0.107421875
08.429  -0.15625
08.435  -0.224609375
08.440  -0.2734375
08.444  -0.283203125
08.449  -0.322265625
08.454  -0.390625
08.459  -0.419921875
08.464  -0.400390625
08.468  -0.419921875
08.473  -0.439453125
08.479  -0.41015625
08.484  -0.341796875
08.489  -0.283203125
08.494  -0.234375
08.498  -0.146484375
08.503  -0.0390625
08.508  0.068359375
08.513  0.126953125
08.519  0.224609375
08.524  0.33203125
08.528  0.419921875
08.533  0.478515625
08.538  0.556640625
08.543  0.654296875
08.548  0.72265625
08.553  0.7421875
08.557  0.80078125
08.563  0.859375
08.568  0.908203125
08.573  0.8984375
08.578  0.91796875
08.582  0.9375
08.587  0.95703125
08.592  0.91796875
08.597  0.8984375
08.602  0.908203125
08.608  0.888671875
08.612  0.830078125
08.617  0.791015625
08.622  0.771484375
08.627  0.7421875
08.632  0.6640625
08.637  0.60546875
08.641  0.556640625
08.647  0.517578125
08.652  0.419921875
08.657  0.341796875
08.662  0.283203125
08.666  0.224609375
08.671  0.126953125
08.676  0.048828125
08.681  -0.01953125
08.686  -0.05859375
08.692  -0.17578125
08.696  -0.244140625
08.701  -0.302734375
08.706  -0.341796875
08.711  -0.4296875
08.716  -0.498046875
08.721  -0.546875
08.725  -0.56640625
08.730  -0.634765625
08.736  -0.693359375
08.741  -0.72265625
08.746  -0.72265625
08.750  -0.78125
08.755  -0.810546875
08.760  -0.830078125
08.765  -0.810546875
08.770  -0.830078125
08.776  -0.849609375
08.780  -0.849609375
08.785  -0.810546875
08.790  -0.8203125
08.795  -0.8203125
08.800  -0.810546875
08.805  -0.76171875
08.809  -0.771484375
08.814  -0.771484375
08.820  -0.76171875
08.825  -0.72265625
08.830  -0.7421875
08.834  -0.751953125
08.839  -0.7421875
08.844  -0.712890625
08.849  -0.732421875
08.854  -0.76171875
08.860  -0.771484375
08.864  -0.7421875
08.869  -0.771484375
08.874  -0.80078125
08.879  -0.830078125
08.884  -0.8203125
08.889  -0.83984375
08.893  -0.8984375
08.898  -0.91796875
08.904  -0.91796875
08.909  -0.9375
08.914  -1.005859375
08.918  -1.03515625
08.923  -1.03515625
08.928  -1.07421875
08.933  -1.1328125
08.938  -1.162109375
08.943  -1.162109375
08.948  -1.201171875
08.953  -1.25
08.958  -1.2890625
08.963  -1.298828125
08.968  -1.328125
08.973  -1.38671875
08.977  -1.416015625
08.982  -1.416015625
08.988  -1.4453125
08.993  -1.50390625
08.998  -1.533203125
09.003  -1.533203125
09.007  -1.552734375
09.012  -1.611328125
09.017  -1.640625
09.022  -1.640625
09.027  -1.650390625
09.032  -1.69921875
09.037  -1.71875
09.042  -1.689453125
09.047  -1.669921875
09.052  -1.669921875
09.057  -1.62109375
09.061  -1.533203125
09.066  -1.435546875
09.071  -1.376953125
09.077  -1.26953125
09.082  -1.15234375
09.087  -1.025390625
09.091  -0.9375
09.096  -0.83984375
09.101  -0.72265625
09.106  -0.60546875
09.111  -0.537109375
09.116  -0.44921875
09.121  -0.3515625
09.126  -0.25390625
09.131  -0.21484375
09.136  -0.166015625
09.141  -0.09765625
09.145  -0.01953125
09.150  0.0
09.155  0.01953125
09.161  0.05859375
09.166  0.09765625
09.171  0.087890625
09.175  0.078125
09.180  0.087890625
09.185  0.107421875
09.190  0.068359375
09.195  0.0390625
09.199  0.01953125
09.205  0.009765625
09.210  -0.0390625
09.215  -0.107421875
09.220  -0.146484375
09.225  -0.166015625
09.229  -0.244140625
09.234  -0.322265625
09.239  -0.37109375
09.245  -0.419921875
09.250  -0.498046875
09.255  -0.5859375
09.259  -0.634765625
09.264  -0.693359375
09.269  -0.76171875
09.274  -0.859375
09.279  -0.91796875
09.283  -0.95703125
09.289  -1.005859375
09.294  -1.09375
09.299  -1.142578125
09.304  -1.171875
09.309  -1.2109375
09.313  -1.279296875
09.318  -1.30859375
09.323  -1.30859375
09.328  -1.337890625
09.334  -1.376953125
09.339  -1.376953125
09.343  -1.357421875
09.348  -1.357421875
09.353  -1.376953125
09.358  -1.357421875
09.363  -1.318359375
09.368  -1.30859375
09.373  -1.318359375
09.378  -1.2890625
09.383  -1.259765625
09.388  -1.23046875
09.393  -1.240234375
09.397  -1.220703125
09.402  -1.19140625
09.407  -1.171875
09.412  -1.201171875
09.418  -1.19140625
09.423  -1.162109375
09.427  -1.15234375
09.432  -1.19140625
09.437  -1.19140625
09.442  -1.181640625
09.447  -1.181640625
09.452  -1.220703125
09.456  -1.240234375
09.462  -1.240234375
09.467  -1.240234375
09.472  -1.2890625
09.477  -1.328125
09.481  -1.328125
09.486  -1.34765625
09.491  -1.40625
09.496  -1.435546875
09.502  -1.455078125
09.507  -1.46484375
09.511  -1.533203125
09.516  -1.572265625
09.521  -1.591796875
09.526  -1.6015625
09.531  -1.669921875
09.536  -1.69921875
09.540  -1.728515625
09.546  -1.73828125
09.551  -1.796875
09.556  -1.845703125
09.561  -1.865234375
09.565  -1.865234375
09.570  -1.93359375
09.575  -1.97265625
09.580  -2.001953125
09.586  -2.001953125
09.591  -2.05078125
09.595  -2.08984375
09.600  -2.119140625
09.605  -2.119140625
09.610  -2.16796875
09.615  -2.197265625
09.620  -2.216796875
09.624  -2.1875
09.630  -2.20703125
09.635  -2.216796875
09.640  -2.177734375
09.645  -2.08984375
09.649  -2.041015625
09.654  -1.962890625
09.659  -1.85546875
09.664  -1.71875
09.669  -1.62109375
09.675  -1.5234375
09.679  -1.396484375
09.684  -1.25
09.689  -1.15234375
09.694  -1.064453125
09.699  -0.95703125
09.704  -0.8203125
09.708  -0.751953125
09.714  -0.673828125
09.719  -0.60546875
09.724  -0.498046875
09.729  -0.44921875
09.733  -0.41015625
09.738  -0.361328125
09.743  -0.29296875
09.748  -0.263671875
