-00.000  -2.666015625
00.004  -2.67578125
00.009  -2.67578125
00.014  -2.646484375
00.020  -2.63671875
00.025  -2.6171875
00.030  -2.59765625
00.034  -2.548828125
00.039  -2.51953125
00.044  -2.5
00.049  -2.451171875
00.054  -2.40234375
00.058  -2.353515625
00.064  -2.32421875
00.069  -2.28515625
00.074  -2.2265625
00.079  -2.177734375
00.084  -2.158203125
00.088  -2.109375
00.093  -2.060546875
00.098  -2.021484375
00.104  -2.001953125
00.109  -1.97265625
00.114  -1.923828125
00.118  -1.89453125
00.123  -1.884765625
00.128  -1.865234375
00.133  -1.81640625
00.138  -1.806640625
00.142  -1.796875
00.148  -1.796875
00.153  -1.767578125
00.158  -1.748046875
00.163  -1.748046875
00.168  -1.7578125
00.172  -1.728515625
00.177  -1.728515625
00.182  -1.728515625
00.187  -1.73828125
00.193  -1.708984375
00.198  -1.71875
00.202  -1.71875
00.207  -1.73828125
00.212  -1.71875
00.217  -1.728515625
00.222  -1.73828125
00.226  -1.7578125
00.232  -1.748046875
00.237  -1.748046875
00.242  -1.767578125
00.247  -1.787109375
00.252  -1.77734375
00.256  -1.77734375
00.261  -1.796875
00.266  -1.81640625
00.271  -1.806640625
00.277  -1.806640625
00.282  -1.826171875
00.286  -1.8359375
00.291  -1.826171875
00.296  -1.8359375
00.301  -1.845703125
00.306  -1.85546875
00.311  -1.845703125
00.315  -1.85546875
00.321  -1.85546875
00.326  -1.875
00.331  -1.865234375
00.336  -1.865234375
00.340  -1.865234375
00.345  -1.89453125
00.350  -1.884765625
00.355  -1.884765625
00.361  -1.89453125
00.366  -1.9140625
00.370  -1.9140625
00.375  -1.9140625
00.380  -1.923828125
00.385  -1.943359375
00.390  -1.943359375
00.395  -1.943359375
00.399  -1.953125
00.405  -1.982421875
00.410  -1.982421875
00.415  -1.982421875
00.420  -1.9921875
00.424  -2.021484375
00.429  -2.03125
00.434  -2.03125
00.439  -2.041015625
00.445  -2.0703125
00.450  -2.080078125
00.454  -2.080078125
00.459  -2.08984375
00.464  -2.119140625
00.469  -2.119140625
00.474  -2.12890625
00.479  -2.138671875
00.483  -2.177734375
00.489  -2.177734375
00.494  -2.177734375
00.499  -2.1875
00.504  -2.216796875
00.508  -2.236328125
00.513  -2.236328125
00.518  -2.24609375
00.523  -2.275390625
00.528  -2.294921875
00.534  -2.294921875
00.538  -2.314453125
00.543  -2.34375
00.548  -2.353515625
00.553  -2.36328125
00.558  -2.373046875
00.563  -2.40234375
00.567  -2.431640625
00.573  -2.431640625
00.578  -2.44140625
00.583  -2.48046875
00.588  -2.5
00.592  -2.509765625
00.597  -2.51953125
00.602  -2.548828125
00.607  -2.568359375
00.612  -2.587890625
00.618  -2.59765625
00.622  -2.626953125
00.627  -2.65625
00.632  -2.63671875
00.637  -2.646484375
00.642  -2.65625
00.647  -2.65625
00.651  -2.6171875
00.656  -2.607421875
00.662  -2.59765625
00.667  -2.578125
00.672  -2.529296875
00.677  -2.490234375
00.681  -2.4609375
00.686  -2.44140625
00.691  -2.3828125
00.696  -2.333984375
00.702  -2.3046875
00.706  -2.275390625
00.711  -2.216796875
00.716  -2.177734375
00.721  -2.138671875
00.726  -2.109375
00.731  -2.0703125
00.735  -2.03125
00.740  -2.001953125
00.746  -1.982421875
00.751  -1.953125
00.756  -1.923828125
00.761  -1.904296875
00.765  -1.89453125
00.770  -1.875
00.775  -1.845703125
00.780  -1.8359375
00.785  -1.8359375
00.790  -1.826171875
00.795  -1.806640625
00.800  -1.806640625
00.805  -1.81640625
00.810  -1.796875
00.815  -1.787109375
00.819  -1.796875
00.824  -1.81640625
00.830  -1.806640625
00.835  -1.806640625
00.840  -1.796875
00.845  -1.826171875
00.849  -1.826171875
00.854  -1.826171875
00.859  -1.8359375
00.864  -1.85546875
00.869  -1.865234375
00.874  -1.85546875
00.879  -1.865234375
00.884  -1.875
00.889  -1.89453125
00.894  -1.875
00.899  -1.89453125
00.903  -1.904296875
00.908  -1.9140625
00.913  -1.89453125
00.919  -1.904296875
00.924  -1.923828125
00.929  -1.93359375
00.933  -1.9140625
00.938  -1.923828125
00.943  -1.93359375
00.948  -1.943359375
00.953  -1.923828125
00.958  -1.93359375
00.963  -1.943359375
00.968  -1.953125
00.973  -1.943359375
00.978  -1.943359375
00.983  -1.962890625
00.987  -1.97265625
00.992  -1.953125
00.997  -1.962890625
01.003  -1.982421875
01.008  -1.9921875
01.013  -1.982421875
01.017  -1.982421875
01.022  -2.001953125
01.027  -2.01171875
01.032  -2.001953125
01.037  -2.01171875
01.041  -2.03125
01.047  -2.05078125
01.052  -2.03125
01.057  -2.041015625
01.062  -2.060546875
01.067  -2.080078125
01.071  -2.0703125
01.076  -2.080078125
01.081  -2.099609375
01.087  -2.119140625
01.092  -2.109375
01.097  -2.119140625
01.101  -2.138671875
01.106  -2.16796875
01.111  -2.158203125
01.116  -2.16796875
01.121  -2.1875
01.126  -2.20703125
01.131  -2.20703125
01.136  -2.216796875
01.141  -2.236328125
01.146  -2.255859375
01.151  -2.265625
01.155  -2.265625
01.160  -2.28515625
01.165  -2.32421875
01.171  -2.32421875
01.176  -2.333984375
01.181  -2.34375
01.185  -2.3828125
01.190  -2.373046875
01.195  -2.392578125
01.200  -2.40234375
01.205  -2.44140625
01.210  -2.44140625
01.215  -2.451171875
01.220  -2.4609375
01.225  -2.5
01.230  -2.509765625
01.235  -2.51953125
01.239  -2.529296875
01.244  -2.568359375
01.249  -2.568359375
01.254  -2.578125
01.260  -2.587890625
01.265  -2.607421875
01.269  -2.59765625
01.274  -2.578125
01.279  -2.568359375
01.284  -2.55859375
01.289  -2.5390625
01.294  -2.509765625
01.299  -2.470703125
01.304  -2.4609375
01.309  -2.421875
01.314  -2.373046875
01.319  -2.333984375
01.323  -2.314453125
01.328  -2.255859375
01.333  -2.216796875
01.338  -2.177734375
01.344  -2.158203125
01.349  -2.119140625
01.353  -2.0703125
01.358  -2.03125
01.363  -2.021484375
01.368  -1.9921875
01.373  -1.953125
01.378  -1.923828125
01.382  -1.9140625
01.388  -1.89453125
01.393  -1.865234375
01.398  -1.845703125
01.403  -1.845703125
01.407  -1.8359375
01.412  -1.806640625
01.417  -1.787109375
01.422  -1.796875
01.428  -1.806640625
01.433  -1.77734375
01.437  -1.77734375
01.442  -1.787109375
01.447  -1.787109375
01.452  -1.767578125
01.457  -1.767578125
01.462  -1.787109375
01.466  -1.787109375
01.472  -1.787109375
01.477  -1.787109375
01.482  -1.806640625
01.487  -1.81640625
01.491  -1.806640625
01.496  -1.806640625
01.501  -1.826171875
01.506  -1.845703125
01.512  -1.8359375
01.517  -1.8359375
01.521  -1.85546875
01.526  -1.865234375
01.531  -1.85546875
01.536  -1.85546875
01.541  -1.865234375
01.546  -1.884765625
01.550  -1.875
01.556  -1.875
01.561  -1.884765625
01.566  -1.89453125
01.571  -1.884765625
01.576  -1.884765625
01.580  -1.89453125
01.585  -1.89453125
01.590  -1.89453125
01.595  -1.89453125
01.601  -1.89453125
01.605  -1.9140625
01.610  -1.904296875
01.615  -1.904296875
01.620  -1.9140625
01.625  -1.93359375
01.630  -1.93359375
01.634  -1.9140625
01.640  -1.93359375
01.645  -1.953125
01.650  -1.962890625
01.655  -1.953125
01.660  -1.962890625
01.664  -1.982421875
01.669  -1.982421875
01.674  -1.982421875
01.679  -1.9921875
01.685  -2.01171875
01.689  -2.021484375
01.694  -2.021484375
01.699  -2.021484375
01.704  -2.05078125
01.709  -2.060546875
01.714  -2.060546875
01.718  -2.0703125
01.723  -2.08984375
01.729  -2.099609375
01.734  -2.099609375
01.739  -2.109375
01.744  -2.12890625
01.748  -2.1484375
01.753  -2.1484375
01.758  -2.158203125
01.763  -2.1875
01.769  -2.197265625
01.773  -2.177734375
01.778  -2.20703125
01.783  -2.2265625
01.788  -2.255859375
01.793  -2.24609375
01.798  -2.255859375
01.802  -2.275390625
01.807  -2.3046875
01.813  -2.294921875
01.818  -2.3046875
01.823  -2.333984375
01.828  -2.353515625
01.832  -2.353515625
01.837  -2.36328125
01.842  -2.392578125
01.847  -2.412109375
01.853  -2.412109375
01.857  -2.431640625
01.862  -2.4609375
01.867  -2.470703125
01.872  -2.48046875
01.877  -2.490234375
01.882  -2.51953125
01.886  -2.548828125
01.891  -2.5390625
01.897  -2.548828125
01.902  -2.55859375
01.907  -2.568359375
01.912  -2.5390625
01.916  -2.529296875
01.921  -2.51953125
01.926  -2.509765625
01.931  -2.470703125
01.936  -2.431640625
01.942  -2.412109375
01.946  -2.3828125
01.951  -2.333984375
01.956  -2.294921875
01.961  -2.255859375
01.966  -2.236328125
01.970  -2.177734375
01.975  -2.138671875
01.981  -2.109375
01.986  -2.08984375
01.991  -2.041015625
01.996  -2.001953125
02.000  -1.97265625
02.005  -1.953125
02.010  -1.923828125
02.015  -1.89453125
02.020  -1.875
02.026  -1.865234375
02.030  -1.8359375
02.035  -1.81640625
02.040  -1.796875
02.045  -1.806640625
02.050  -1.77734375
02.054  -1.7578125
02.059  -1.7578125
02.064  -1.767578125
02.070  -1.748046875
02.075  -1.73828125
02.080  -1.728515625
02.084  -1.748046875
02.089  -1.73828125
02.094  -1.728515625
02.099  -1.728515625
02.104  -1.748046875
02.110  -1.73828125
02.114  -1.73828125
02.119  -1.73828125
02.124  -1.7578125
02.129  -1.7578125
02.134  -1.7578125
02.138  -1.767578125
02.143  -1.77734375
02.148  -1.787109375
02.154  -1.77734375
02.159  -1.787109375
02.164  -1.806640625
02.168  -1.806640625
02.173  -1.796875
02.178  -1.806640625
02.183  -1.81640625
02.188  -1.826171875
02.193  -1.81640625
02.198  -1.81640625
02.203  -1.8359375
02.208  -1.8359375
02.213  -1.826171875
02.218  -1.826171875
02.222  -1.845703125
02.227  -1.85546875
02.232  -1.8359375
02.238  -1.8359375
02.243  -1.85546875
02.248  -1.865234375
02.252  -1.85546875
02.257  -1.85546875
02.262  -1.875
02.267  -1.884765625
02.272  -1.875
02.277  -1.875
02.282  -1.89453125
02.287  -1.9140625
02.292  -1.904296875
02.297  -1.904296875
02.302  -1.923828125
02.306  -1.943359375
02.311  -1.93359375
02.316  -1.943359375
02.321  -1.962890625
02.327  -1.982421875
02.332  -1.97265625
02.336  -1.982421875
02.341  -2.001953125
02.346  -2.03125
02.351  -2.021484375
02.356  -2.021484375
02.361  -2.05078125
02.366  -2.0703125
02.371  -2.0703125
02.376  -2.080078125
02.381  -2.099609375
02.386  -2.109375
02.391  -2.119140625
02.395  -2.12890625
02.400  -2.1484375
02.405  -2.16796875
02.411  -2.16796875
02.416  -2.177734375
02.420  -2.1875
02.425  -2.2265625
02.430  -2.2265625
02.435  -2.236328125
02.440  -2.24609375
02.445  -2.275390625
02.449  -2.275390625
02.455  -2.28515625
02.460  -2.3046875
02.465  -2.333984375
02.470  -2.34375
02.475  -2.34375
02.479  -2.373046875
02.484  -2.40234375
02.489  -2.40234375
02.495  -2.40234375
02.500  -2.431640625
02.504  -2.4609375
02.509  -2.48046875
02.514  -2.48046875
02.519  -2.5
02.524  -2.529296875
02.529  -2.548828125
02.533  -2.548828125
02.539  -2.578125
02.544  -2.59765625
02.549  -2.59765625
02.554  -2.587890625
02.559  -2.587890625
02.563  -2.607421875
02.568  -2.578125
02.573  -2.55859375
02.579  -2.529296875
02.584  -2.51953125
02.588  -2.490234375
02.593  -2.44140625
02.598  -2.412109375
02.603  -2.392578125
02.608  -2.353515625
02.613  -2.28515625
02.617  -2.255859375
02.623  -2.236328125
02.628  -2.197265625
02.633  -2.138671875
02.638  -2.119140625
02.643  -2.08984375
02.647  -2.0703125
02.652  -2.021484375
02.657  -2.001953125
02.662  -1.97265625
02.668  -1.97265625
02.672  -1.93359375
02.677  -1.9140625
02.682  -1.904296875
02.687  -1.904296875
02.692  -1.865234375
02.697  -1.85546875
02.701  -1.85546875
02.707  -1.865234375
02.712  -1.8359375
02.717  -1.826171875
02.722  -1.8359375
02.727  -1.8359375
02.731  -1.826171875
02.736  -1.81640625
02.741  -1.826171875
02.746  -1.845703125
02.752  -1.826171875
02.756  -1.826171875
02.761  -1.845703125
02.766  -1.85546875
02.771  -1.845703125
02.776  -1.85546875
02.781  -1.865234375
02.785  -1.89453125
02.790  -1.875
02.796  -1.884765625
02.801  -1.884765625
02.806  -1.9140625
02.811  -1.904296875
02.815  -1.9140625
02.820  -1.923828125
02.825  -1.943359375
02.830  -1.923828125
02.836  -1.93359375
02.841  -1.943359375
02.845  -1.962890625
02.850  -1.953125
02.855  -1.953125
02.860  -1.962890625
02.865  -1.97265625
02.869  -1.97265625
02.874  -1.962890625
02.880  -1.982421875
02.885  -2.001953125
02.890  -1.9921875
02.895  -1.982421875
02.899  -1.9921875
02.904  -2.01171875
02.909  -2.01171875
02.914  -2.01171875
02.920  -2.01171875
02.925  -2.041015625
02.929  -2.03125
02.934  -2.03125
02.939  -2.041015625
02.944  -2.060546875
02.949  -2.060546875
02.953  -2.060546875
02.958  -2.0703125
02.964  -2.08984375
02.969  -2.080078125
02.974  -2.08984375
02.979  -2.099609375
02.983  -2.12890625
02.988  -2.12890625
02.993  -2.12890625
02.998  -2.138671875
03.003  -2.16796875
03.009  -2.177734375
03.013  -2.177734375
03.018  -2.1875
03.023  -2.216796875
03.028  -2.2265625
03.033  -2.216796875
03.037  -2.236328125
03.042  -2.265625
03.048  -2.275390625
03.053  -2.275390625
03.058  -2.28515625
03.063  -2.314453125
03.067  -2.32421875
03.072  -2.32421875
03.077  -2.32421875
03.082  -2.36328125
03.087  -2.373046875
03.093  -2.3828125
03.097  -2.3828125
03.102  -2.412109375
03.107  -2.431640625
03.112  -2.44140625
03.117  -2.451171875
03.121  -2.48046875
03.126  -2.5
03.131  -2.5
03.137  -2.509765625
03.142  -2.5390625
03.147  -2.568359375
03.151  -2.568359375
03.156  -2.578125
03.161  -2.6171875
03.166  -2.63671875
03.171  -2.63671875
03.177  -2.646484375
03.181  -2.67578125
03.186  -2.685546875
03.191  -2.67578125
03.196  -2.67578125
03.201  -2.67578125
03.206  -2.67578125
03.210  -2.646484375
03.215  -2.6171875
03.221  -2.607421875
03.226  -2.59765625
03.235  -2.509765625
03.240  -2.490234375
03.245  -2.4609375
03.250  -2.421875
03.255  -2.373046875
03.261  -2.353515625
03.265  -2.314453125
03.270  -2.275390625
03.275  -2.2265625
03.280  -2.20703125
03.285  -2.1875
03.290  -2.1484375
03.294  -2.109375
03.299  -2.08984375
03.305  -2.08984375
03.310  -2.05078125
03.315  -2.021484375
03.319  -2.01171875
03.324  -2.01171875
03.329  -1.9921875
03.334  -1.97265625
03.339  -1.953125
03.344  -1.97265625
03.349  -1.953125
03.354  -1.93359375
03.359  -1.93359375
03.364  -1.943359375
03.369  -1.943359375
03.374  -1.923828125
03.378  -1.93359375
03.383  -1.943359375
03.389  -1.943359375
03.394  -1.93359375
03.399  -1.943359375
03.403  -1.962890625
03.408  -1.962890625
03.413  -1.943359375
03.418  -1.962890625
03.423  -1.982421875
03.428  -1.9921875
03.433  -1.982421875
03.438  -1.982421875
03.443  -2.01171875
03.448  -2.01171875
03.453  -2.001953125
03.458  -2.001953125
03.462  -2.03125
03.467  -2.03125
03.472  -2.021484375
03.478  -2.021484375
03.483  -2.041015625
03.487  -2.041015625
03.492  -2.03125
03.497  -2.03125
03.502  -2.041015625
03.507  -2.060546875
03.512  -2.041015625
03.517  -2.041015625
03.522  -2.041015625
03.527  -2.060546875
03.532  -2.05078125
03.537  -2.05078125
03.542  -2.060546875
03.546  -2.0703125
03.551  -2.060546875
03.556  -2.060546875
03.562  -2.080078125
03.567  -2.099609375
03.571  -2.080078125
03.576  -2.080078125
03.581  -2.099609375
03.586  -2.109375
03.591  -2.099609375
03.596  -2.109375
03.600  -2.119140625
03.606  -2.138671875
03.611  -2.138671875
03.616  -2.12890625
03.621  -2.1484375
03.626  -2.177734375
03.630  -2.16796875
03.635  -2.177734375
03.640  -2.1875
03.646  -2.20703125
03.651  -2.20703125
03.656  -2.20703125
03.660  -2.2265625
03.665  -2.255859375
03.670  -2.24609375
03.675  -2.255859375
03.680  -2.265625
03.684  -2.294921875
03.690  -2.28515625
03.695  -2.294921875
03.700  -2.3046875
03.705  -2.333984375
03.710  -2.32421875
03.714  -2.333984375
03.719  -2.34375
03.724  -2.3828125
03.729  -2.373046875
03.735  -2.3828125
03.740  -2.40234375
03.744  -2.421875
03.749  -2.431640625
03.754  -2.431640625
03.759  -2.451171875
03.764  -2.48046875
03.768  -2.490234375
03.774  -2.490234375
03.779  -2.509765625
03.784  -2.5390625
03.789  -2.548828125
03.794  -2.548828125
03.798  -2.55859375
03.803  -2.59765625
03.808  -2.607421875
03.813  -2.59765625
03.819  -2.59765625
03.824  -2.607421875
03.828  -2.587890625
03.833  -2.578125
03.838  -2.55859375
03.843  -2.55859375
03.848  -2.529296875
03.852  -2.490234375
03.857  -2.451171875
03.863  -2.44140625
03.868  -2.412109375
03.873  -2.36328125
03.878  -2.32421875
03.882  -2.3046875
03.887  -2.275390625
03.892  -2.216796875
03.897  -2.1875
03.903  -2.158203125
03.908  -2.138671875
03.912  -2.08984375
03.917  -2.060546875
03.922  -2.041015625
03.927  -2.03125
03.932  -1.9921875
03.936  -1.962890625
03.941  -1.962890625
03.947  -1.953125
03.952  -1.9140625
03.957  -1.904296875
03.962  -1.904296875
03.966  -1.89453125
03.971  -1.875
03.976  -1.865234375
03.981  -1.875
03.987  -1.865234375
03.992  -1.845703125
03.996  -1.8359375
04.001  -1.85546875
04.006  -1.85546875
04.011  -1.845703125
04.016  -1.8359375
04.020  -1.85546875
04.025  -1.865234375
04.031  -1.85546875
04.036  -1.85546875
04.041  -1.875
04.046  -1.884765625
04.050  -1.875
04.055  -1.884765625
04.060  -1.89453125
04.065  -1.9140625
04.070  -1.904296875
04.076  -1.89453125
04.080  -1.9140625
04.085  -1.93359375
04.090  -1.923828125
04.095  -1.923828125
04.100  -1.93359375
04.105  -1.943359375
04.109  -1.93359375
04.115  -1.93359375
04.120  -1.943359375
04.125  -1.953125
04.130  -1.953125
04.134  -1.93359375
04.139  -1.953125
04.144  -1.962890625
04.149  -1.962890625
04.154  -1.953125
04.160  -1.953125
04.164  -1.97265625
04.169  -1.97265625
04.174  -1.962890625
04.179  -1.97265625
04.184  -1.9921875
04.189  -1.9921875
04.193  -1.9921875
04.198  -1.982421875
04.204  -2.021484375
04.209  -2.021484375
04.214  -2.01171875
04.218  -2.021484375
04.223  -2.041015625
04.228  -2.041015625
04.233  -2.041015625
04.238  -2.05078125
04.244  -2.060546875
04.248  -2.080078125
04.253  -2.0703125
04.258  -2.080078125
04.263  -2.099609375
04.268  -2.109375
04.273  -2.099609375
04.277  -2.119140625
04.282  -2.138671875
04.288  -2.158203125
04.293  -2.138671875
04.298  -2.158203125
04.302  -2.177734375
04.307  -2.1875
04.312  -2.1875
04.317  -2.197265625
04.322  -2.2265625
04.328  -2.2265625
04.332  -2.2265625
04.337  -2.2265625
04.342  -2.265625
04.347  -2.275390625
04.352  -2.275390625
04.357  -2.275390625
04.361  -2.3046875
04.366  -2.32421875
04.372  -2.314453125
04.377  -2.333984375
04.382  -2.34375
04.386  -2.373046875
04.391  -2.373046875
04.396  -2.3828125
04.401  -2.412109375
04.406  -2.431640625
04.411  -2.421875
04.416  -2.44140625
04.421  -2.470703125
04.426  -2.490234375
04.431  -2.490234375
04.436  -2.5
04.441  -2.509765625
04.445  -2.5390625
04.450  -2.529296875
04.456  -2.529296875
04.461  -2.529296875
04.466  -2.5390625
04.471  -2.509765625
04.475  -2.490234375
04.480  -2.48046875
04.485  -2.4609375
04.490  -2.421875
04.495  -2.3828125
04.500  -2.373046875
04.505  -2.34375
04.510  -2.294921875
04.515  -2.24609375
04.520  -2.2265625
04.525  -2.197265625
04.529  -2.1484375
04.534  -2.119140625
04.539  -2.080078125
04.545  -2.0703125
04.550  -2.021484375
04.555  -1.9921875
04.559  -1.962890625
04.564  -1.962890625
04.569  -1.923828125
04.574  -1.89453125
04.579  -1.875
04.584  -1.884765625
04.589  -1.85546875
04.594  -1.8359375
04.599  -1.826171875
04.604  -1.826171875
04.609  -1.806640625
04.613  -1.787109375
04.618  -1.787109375
04.623  -1.796875
04.629  -1.787109375
04.634  -1.767578125
04.639  -1.767578125
04.643  -1.77734375
04.648  -1.77734375
04.653  -1.7578125
04.658  -1.767578125
04.663  -1.787109375
04.667  -1.77734375
04.673  -1.767578125
04.678  -1.77734375
04.683  -1.806640625
04.688  -1.796875
04.693  -1.796875
04.697  -1.796875
04.702  -1.826171875
04.707  -1.826171875
04.713  -1.81640625
04.718  -1.806640625
04.723  -1.8359375
04.727  -1.845703125
04.732  -1.8359375
04.737  -1.8359375
04.742  -1.845703125
04.747  -1.85546875
04.751  -1.845703125
04.757  -1.845703125
04.762  -1.85546875
04.767  -1.865234375
04.772  -1.85546875
04.777  -1.85546875
04.781  -1.865234375
04.786  -1.875
04.791  -1.865234375
04.797  -1.865234375
04.802  -1.884765625
04.807  -1.89453125
04.811  -1.875
04.816  -1.875
04.821  -1.89453125
04.826  -1.904296875
04.831  -1.89453125
04.835  -1.89453125
04.841  -1.923828125
04.846  -1.93359375
04.851  -1.923828125
04.856  -1.9140625
04.861  -1.943359375
04.865  -1.962890625
04.870  -1.953125
04.875  -1.953125
04.880  -1.97265625
04.886  -1.9921875
04.891  -1.9921875
04.895  -1.9921875
04.900  -2.01171875
04.905  -2.03125
04.910  -2.03125
04.915  -2.041015625
04.920  -2.041015625
04.925  -2.080078125
04.930  -2.0703125
04.935  -2.0703125
04.940  -2.08984375
04.945  -2.119140625
04.949  -2.119140625
04.954  -2.119140625
04.959  -2.138671875
04.964  -2.158203125
04.970  -2.16796875
04.975  -2.16796875
04.979  -2.1875
04.984  -2.20703125
04.989  -2.216796875
04.994  -2.20703125
04.999  -2.2265625
05.004  -2.255859375
05.008  -2.265625
05.014  -2.265625
05.019  -2.28515625
05.024  -2.3046875
05.029  -2.32421875
05.033  -2.32421875
05.038  -2.34375
05.043  -2.373046875
05.048  -2.3828125
05.054  -2.3828125
05.059  -2.40234375
05.063  -2.431640625
05.068  -2.451171875
05.073  -2.451171875
05.078  -2.470703125
05.083  -2.5
05.088  -2.509765625
05.092  -2.5
05.098  -2.509765625
05.103  -2.51953125
05.108  -2.51953125
05.113  -2.5
05.117  -2.490234375
05.122  -2.48046875
05.127  -2.470703125
05.132  -2.412109375
05.137  -2.40234375
05.143  -2.3828125
05.147  -2.36328125
05.152  -2.3046875
05.157  -2.275390625
05.162  -2.24609375
05.167  -2.2265625
05.172  -2.177734375
05.176  -2.1484375
05.182  -2.119140625
05.187  -2.099609375
05.192  -2.05078125
05.197  -2.021484375
05.201  -2.01171875
05.206  -1.9921875
05.211  -1.953125
05.216  -1.93359375
05.221  -1.923828125
05.227  -1.904296875
05.231  -1.884765625
05.236  -1.875
05.241  -1.865234375
05.246  -1.865234375
05.251  -1.8359375
05.256  -1.8359375
05.260  -1.8359375
05.265  -1.8359375
05.271  -1.81640625
05.276  -1.81640625
05.281  -1.81640625
05.285  -1.8359375
05.290  -1.81640625
05.295  -1.81640625
05.300  -1.81640625
05.305  -1.8359375
05.311  -1.826171875
05.315  -1.826171875
05.320  -1.8359375
05.325  -1.85546875
05.330  -1.845703125
05.335  -1.845703125
05.340  -1.85546875
05.344  -1.884765625
05.349  -1.875
05.355  -1.875
05.360  -1.884765625
05.365  -1.904296875
05.370  -1.89453125
05.374  -1.89453125
05.379  -1.89453125
05.384  -1.923828125
05.389  -1.9140625
05.395  -1.904296875
05.399  -1.9140625
05.404  -1.93359375
05.409  -1.923828125
05.414  -1.923828125
05.419  -1.923828125
05.424  -1.943359375
05.428  -1.93359375
05.433  -1.93359375
05.439  -1.923828125
05.444  -1.953125
05.449  -1.953125
05.454  -1.953125
05.458  -1.953125
05.463  -1.97265625
05.468  -1.97265625
05.473  -1.962890625
05.478  -1.97265625
05.483  -1.9921875
05.488  -1.9921875
05.493  -1.9921875
05.498  -1.9921875
05.503  -2.01171875
05.508  -2.021484375
05.512  -2.01171875
05.517  -2.021484375
05.523  -2.041015625
05.528  -2.060546875
05.533  -2.041015625
05.538  -2.05078125
05.542  -2.080078125
05.547  -2.080078125
05.552  -2.080078125
05.557  -2.080078125
05.562  -2.109375
05.567  -2.119140625
05.572  -2.109375
05.577  -2.109375
05.582  -2.138671875
05.587  -2.1484375
05.592  -2.1484375
05.596  -2.1484375
05.601  -2.177734375
05.606  -2.1875
05.612  -2.177734375
05.617  -2.1875
05.622  -2.216796875
05.626  -2.236328125
05.631  -2.2265625
05.636  -2.236328125
05.641  -2.255859375
05.646  -2.28515625
05.651  -2.28515625
05.656  -2.294921875
05.661  -2.32421875
05.666  -2.34375
05.671  -2.34375
05.676  -2.353515625
05.680  -2.3828125
05.685  -2.412109375
05.690  -2.412109375
05.696  -2.421875
05.701  -2.451171875
05.706  -2.48046875
05.710  -2.48046875
05.715  -2.490234375
05.720  -2.51953125
05.725  -2.548828125
05.730  -2.55859375
05.736  -2.55859375
05.740  -2.578125
05.745  -2.59765625
05.750  -2.59765625
05.755  -2.587890625
05.760  -2.587890625
05.764  -2.587890625
05.769  -2.568359375
05.774  -2.5390625
05.780  -2.529296875
05.785  -2.51953125
05.790  -2.48046875
05.794  -2.44140625
05.799  -2.412109375
05.804  -2.40234375
05.809  -2.353515625
05.814  -2.314453125
05.819  -2.28515625
05.824  -2.275390625
05.829  -2.236328125
05.834  -2.1875
05.839  -2.16796875
05.844  -2.158203125
05.848  -2.12890625
05.853  -2.080078125
05.858  -2.0703125
05.864  -2.060546875
05.869  -2.041015625
05.874  -2.01171875
05.878  -2.001953125
05.883  -1.9921875
05.888  -1.982421875
05.893  -1.953125
05.898  -1.953125
05.903  -1.953125
05.908  -1.943359375
05.913  -1.923828125
05.918  -1.9140625
05.923  -1.923828125
05.928  -1.923828125
05.932  -1.904296875
05.937  -1.904296875
05.942  -1.923828125
05.947  -1.923828125
05.953  -1.904296875
05.958  -1.9140625
05.962  -1.923828125
05.967  -1.93359375
05.972  -1.923828125
05.977  -1.93359375
05.982  -1.953125
05.987  -1.962890625
05.992  -1.943359375
05.997  -1.953125
06.002  -1.97265625
06.007  -1.982421875
06.012  -1.962890625
06.016  -1.97265625
06.021  -1.982421875
06.026  -1.9921875
06.031  -1.97265625
06.037  -1.982421875
06.042  -1.9921875
06.046  -2.001953125
06.051  -1.982421875
06.056  -1.9921875
06.061  -2.001953125
06.066  -2.01171875
06.071  -1.9921875
06.075  -1.9921875
06.081  -2.001953125
06.086  -2.021484375
06.091  -2.001953125
06.096  -2.001953125
06.100  -2.01171875
06.105  -2.03125
06.110  -2.021484375
06.115  -2.001953125
06.121  -2.021484375
06.126  -2.041015625
06.130  -2.03125
06.135  -2.03125
06.140  -2.041015625
06.145  -2.060546875
06.150  -2.05078125
06.155  -2.05078125
06.159  -2.05078125
06.165  -2.080078125
06.170  -2.080078125
06.175  -2.080078125
06.180  -2.08984375
06.185  -2.109375
06.189  -2.099609375
06.194  -2.109375
06.199  -2.119140625
06.205  -2.1484375
06.210  -2.138671875
06.214  -2.138671875
06.219  -2.138671875
06.224  -2.12890625
06.229  -2.158203125
06.234  -2.1875
06.239  -2.1875
06.243  -2.16796875
06.249  -2.197265625
06.254  -2.216796875
06.259  -2.236328125
06.264  -2.20703125
06.269  -2.236328125
06.273  -2.265625
06.278  -2.28515625
06.283  -2.255859375
06.288  -2.28515625
06.294  -2.32421875
06.298  -2.32421875
06.303  -2.3046875
06.308  -2.32421875
06.313  -2.373046875
06.318  -2.373046875
06.323  -2.353515625
06.327  -2.36328125
06.333  -2.412109375
06.338  -2.421875
06.343  -2.40234375
06.348  -2.412109375
06.353  -2.451171875
06.357  -2.451171875
06.362  -2.421875
06.367  -2.421875
06.372  -2.451171875
06.378  -2.44140625
06.382  -2.40234375
06.387  -2.392578125
06.392  -2.40234375
06.397  -2.373046875
06.402  -2.32421875
06.407  -2.28515625
06.411  -2.28515625
06.416  -2.255859375
06.422  -2.177734375
06.427  -2.138671875
06.432  -2.138671875
06.437  -2.08984375
06.441  -2.03125
06.446  -1.982421875
06.451  -1.982421875
06.456  -1.943359375
06.462  -1.884765625
06.466  -1.826171875
06.471  -1.8359375
06.476  -1.806640625
06.481  -1.7578125
06.486  -1.708984375
06.491  -1.71875
06.495  -1.69921875
06.500  -1.66015625
06.506  -1.611328125
06.511  -1.630859375
06.516  -1.62109375
06.521  -1.58203125
06.525  -1.54296875
06.530  -1.5625
06.535  -1.552734375
06.540  -1.5234375
06.545  -1.484375
06.550  -1.513671875
06.555  -1.50390625
06.560  -1.484375
06.565  -1.4453125
06.570  -1.46484375
06.575  -1.46484375
06.579  -1.455078125
06.584  -1.416015625
06.590  -1.4453125
06.595  -1.455078125
06.600  -1.4453125
06.605  -1.396484375
06.609  -1.435546875
06.614  -1.455078125
06.619  -1.4453125
06.624  -1.40625
06.629  -1.42578125
06.635  -1.4453125
06.639  -1.4453125
06.644  -1.40625
06.649  -1.42578125
06.654  -1.435546875
06.659  -1.42578125
06.663  -1.38671875
06.668  -1.396484375
06.673  -1.416015625
06.679  -1.40625
06.684  -1.357421875
06.689  -1.3671875
06.693  -1.38671875
06.698  -1.357421875
06.703  -1.318359375
06.708  -1.318359375
06.713  -1.337890625
06.719  -1.318359375
06.723  -1.26953125
06.728  -1.26953125
06.733  -1.2890625
06.738  -1.298828125
06.743  -1.25
06.747  -1.26953125
06.752  -1.30859375
06.757  -1.34765625
06.763  -1.337890625
06.768  -1.396484375
06.773  -1.494140625
06.777  -1.5625
06.782  -1.6015625
06.787  -1.669921875
06.792  -1.77734375
06.797  -1.85546875
06.803  -1.884765625
06.807  -1.953125
06.812  -2.080078125
06.817  -2.16796875
06.822  -2.2265625
06.827  -2.3046875
06.831  -2.421875
06.836  -2.490234375
06.841  -2.529296875
06.847  -2.568359375
06.852  -2.646484375
06.857  -2.67578125
06.861  -2.666015625
06.866  -2.65625
06.871  -2.685546875
06.876  -2.6953125
06.881  -2.666015625
06.886  -2.685546875
06.891  -2.75390625
06.896  -2.79296875
06.901  -2.783203125
06.906  -2.783203125
06.911  -2.822265625
06.915  -2.8515625
06.920  -2.83203125
06.925  -2.822265625
06.931  -2.87109375
06.936  -2.890625
06.941  -2.87109375
06.945  -2.8515625
06.950  -2.900390625
06.955  -2.91015625
06.960  -2.900390625
06.965  -2.87109375
06.970  -2.91015625
06.975  -2.900390625
06.980  -2.87109375
06.985  -2.802734375
06.990  -2.8125
06.995  -2.783203125
07.000  -2.724609375
07.004  -2.63671875
07.009  -2.6171875
07.014  -2.578125
07.020  -2.509765625
07.025  -2.40234375
07.029  -2.373046875
07.034  -2.32421875
07.039  -2.24609375
07.044  -2.12890625
07.049  -2.0703125
07.054  -2.03125
07.059  -1.943359375
07.064  -1.8359375
07.069  -1.77734375
07.074  -1.73828125
07.079  -1.669921875
07.084  -1.572265625
07.088  -1.533203125
07.093  -1.513671875
07.098  -1.455078125
07.104  -1.376953125
07.109  -1.337890625
07.113  -1.318359375
07.118  -1.26953125
07.123  -1.171875
07.128  -1.142578125
07.133  -1.123046875
07.138  -1.083984375
07.142  -0.99609375
07.148  -0.986328125
07.153  -1.005859375
07.158  -0.986328125
07.163  -0.947265625
07.168  -0.95703125
07.172  -1.005859375
07.177  -1.025390625
07.182  -1.015625
07.188  -1.044921875
07.193  -1.123046875
07.197  -1.162109375
07.202  -1.162109375
07.207  -1.201171875
07.212  -1.259765625
07.217  -1.26953125
07.222  -1.259765625
07.226  -1.26953125
07.232  -1.328125
07.237  -1.357421875
07.242  -1.337890625
07.247  -1.34765625
07.252  -1.416015625
07.256  -1.4453125
07.261  -1.435546875
07.266  -1.435546875
07.272  -1.494140625
07.277  -1.513671875
07.281  -1.484375
07.286  -1.474609375
07.291  -1.5234375
07.296  -1.513671875
07.301  -1.46484375
07.306  -1.416015625
07.310  -1.4453125
07.316  -1.42578125
07.321  -1.376953125
07.326  -1.318359375
07.331  -1.337890625
07.336  -1.30859375
07.340  -1.240234375
07.345  -1.15234375
07.350  -1.123046875
07.355  -1.044921875
07.361  -0.95703125
07.365  -0.83984375
07.370  -0.791015625
07.375  -0.72265625
07.380  -0.634765625
07.385  -0.517578125
07.390  -0.498046875
07.394  -0.458984375
07.400  -0.390625
07.405  -0.29296875
07.410  -0.263671875
07.415  -0.224609375
07.420  -0.146484375
07.424  -0.05859375
07.429  -0.05859375
07.434  -0.0390625
07.439  -0.009765625
07.445  0.048828125
07.450  0.01953125
07.454  0.0
07.459  0.0
07.464  0.0390625
07.469  0.0390625
07.474  0.029296875
07.478  0.0390625
07.483  0.1171875
07.489  0.15625
07.494  0.263671875
07.499  0.478515625
07.504  0.83984375
07.508  1.083984375
07.513  1.162109375
07.518  1.171875
07.523  1.171875
07.529  1.171875
07.534  1.171875
07.538  1.171875
07.543  1.171875
07.548  1.171875
07.553  1.171875
07.558  1.181640625
07.562  1.171875
07.567  1.171875
07.573  1.171875
07.578  1.171875
07.583  1.171875
07.588  1.181640625
07.592  1.171875
07.597  1.171875
07.602  1.171875
07.607  1.171875
07.613  1.171875
07.618  1.171875
07.622  1.171875
07.627  1.171875
07.632  1.181640625
07.637  1.171875
07.642  1.171875
07.646  1.171875
07.651  1.171875
07.657  1.181640625
07.662  1.181640625
07.667  1.171875
07.672  1.171875
07.676  1.171875
07.681  1.171875
07.686  1.171875
07.691  1.171875
07.696  1.181640625
07.702  1.171875
07.706  1.171875
07.711  1.171875
07.716  1.181640625
07.721  1.171875
07.726  1.181640625
07.730  1.171875
07.735  1.181640625
07.741  1.181640625
07.746  1.171875
07.751  1.171875
07.756  1.181640625
07.760  1.181640625
07.765  1.181640625
07.770  1.181640625
07.775  1.181640625
07.780  1.181640625
07.786  1.171875
07.790  1.181640625
07.795  1.171875
07.800  1.171875
07.805  1.181640625
07.810  1.181640625
07.814  1.171875
07.819  1.181640625
07.824  1.181640625
07.830  1.181640625
07.835  1.181640625
07.840  1.181640625
07.844  1.181640625
07.849  1.171875
07.854  1.181640625
07.859  1.171875
07.864  1.181640625
07.870  1.181640625
07.874  1.181640625
07.879  1.181640625
07.884  1.181640625
07.889  1.181640625
07.894  1.181640625
07.899  1.181640625
07.903  1.181640625
07.908  1.181640625
07.914  1.181640625
07.919  1.181640625
07.924  1.181640625
07.928  1.181640625
07.933  1.181640625
07.938  1.181640625
07.943  1.181640625
07.948  1.181640625
07.953  1.181640625
07.958  1.181640625
07.963  1.181640625
07.968  1.181640625
07.973  1.181640625
07.978  1.181640625
07.983  1.181640625
07.987  1.181640625
07.992  1.181640625
07.998  1.181640625
08.003  1.181640625
08.008  1.181640625
08.012  1.181640625
08.017  1.181640625
08.022  1.181640625
08.027  1.181640625
08.032  1.181640625
08.037  1.181640625
08.042  1.181640625
08.047  1.181640625
08.052  1.181640625
08.057  1.181640625
08.062  1.181640625
08.067  1.181640625
08.071  1.181640625
08.076  1.19140625
08.081  1.181640625
08.087  1.181640625
08.092  1.181640625
08.096  1.181640625
08.101  1.181640625
08.106  1.181640625
08.111  1.181640625
08.116  1.181640625
08.121  1.181640625
08.126  1.181640625
08.131  1.181640625
08.136  1.181640625
08.141  1.181640625
08.146  1.181640625
08.151  1.181640625
08.155  1.181640625
08.160  1.181640625
08.165  1.181640625
08.171  1.19140625
08.176  1.181640625
08.180  1.181640625
08.185  1.181640625
08.190  1.181640625
08.195  1.181640625
08.200  1.181640625
08.205  1.181640625
08.209  1.181640625
08.215  1.181640625
08.220  1.181640625
08.225  1.181640625
08.230  1.181640625
08.235  1.181640625
08.239  1.181640625
08.244  1.19140625
08.249  1.181640625
08.255  1.181640625
08.260  1.181640625
08.265  1.181640625
08.269  1.181640625
08.274  1.181640625
08.279  1.181640625
08.284  1.181640625
08.289  1.181640625
08.293  1.181640625
08.299  1.181640625
08.304  1.19140625
08.309  1.19140625
08.314  1.181640625
08.319  1.181640625
08.323  1.181640625
08.328  1.181640625
08.333  1.181640625
08.339  1.181640625
08.344  1.181640625
08.349  1.181640625
08.353  1.19140625
08.358  1.181640625
08.363  1.181640625
08.368  1.181640625
08.373  1.181640625
08.377  1.181640625
08.383  1.181640625
08.388  1.181640625
08.393  1.181640625
08.398  1.19140625
08.403  1.181640625
08.407  1.181640625
08.412  1.19140625
08.417  1.19140625
08.422  1.181640625
08.428  1.181640625
08.433  1.181640625
08.437  1.181640625
08.442  1.181640625
08.447  1.19140625
08.452  0.29296875
08.457  -2.568359375
08.461  -5.0
08.467  -5.0
08.471  -5.0
08.475  -5.0
08.479  -5.0
08.483  -5.0
08.486  -5.0
08.490  -5.0
08.494  -5.0
08.498  -5.0
08.502  -5.0
08.505  -5.0
08.510  -5.0
08.514  -5.0
08.518  -5.0
08.522  -5.0
08.525  -5.0
08.529  -5.0
08.533  -5.0
08.537  -5.0
08.541  -5.0
08.544  -5.0
08.548  -5.0
08.553  -5.0
08.557  -5.0
08.561  -5.0
08.565  -5.0
08.568  -5.0
08.572  -5.0
08.576  -5.0
08.580  -5.0
08.584  -5.0
08.587  -5.0
08.591  -5.0
08.596  -5.0
08.600  -5.0
08.604  -5.0
08.607  -5.0
08.611  -5.0
08.615  -5.0
08.619  -5.0
08.623  -5.0
08.626  -5.0
08.630  -5.0
08.634  -5.0
08.639  -5.0
08.643  -5.0
08.646  -5.0
08.650  -5.0
08.654  -5.0
08.658  -5.0
08.662  -5.0
08.666  -5.0
08.669  -5.0
08.673  -5.0
08.677  -5.0
08.682  -5.0
08.686  -5.0
08.689  -5.0
08.693  -5.0
08.697  -5.0
08.701  -5.0
08.705  -5.0
08.708  -5.0
08.712  -5.0
08.716  -5.0
08.720  -5.0
08.725  -5.0
08.728  -5.0
08.732  -5.0
08.736  -5.0
08.740  -5.0
08.744  -5.0
08.748  -5.0
08.751  -5.0
08.755  -5.0
08.759  -5.0
08.763  -5.0
08.768  -5.0
08.771  -5.0
08.775  -5.0
08.779  -5.0
08.783  -5.0
08.787  -5.0
08.790  -5.0
08.794  -5.0
08.798  -5.0
08.802  -5.0
08.806  -5.0
08.810  -5.0
08.814  -5.0
08.818  -5.0
08.822  -5.0
08.826  -5.0
08.829  -5.0
08.833  -5.0
08.837  -5.0
08.841  -5.0
08.845  -5.0
08.849  -5.0
08.853  -5.0
08.857  -5.0
08.861  -5.0
08.865  -5.0
08.869  -5.0
08.872  -5.0
08.876  -5.0
08.880  -5.0
08.884  -5.0
08.888  -5.0
08.891  -5.0
08.896  -5.0
08.900  -5.0
08.904  -5.0
08.908  -5.0
08.911  -5.0
08.915  -5.0
08.919  -5.0
08.923  -5.0
08.927  -5.0
08.931  -5.0
08.934  -5.0
08.939  -5.0
08.943  -5.0
08.947  -5.0
08.951  -5.0
08.954  -5.0
08.958  -5.0
08.962  -5.0
08.966  -5.0
08.970  -5.0
08.973  -5.0
08.977  -5.0
08.982  -5.0
08.986  -5.0
08.990  -5.0
08.993  -5.0
08.997  -5.0
09.001  -5.0
09.005  -5.0
09.009  -5.0
09.012  -5.0
09.016  -5.0
09.021  -5.0
09.025  -5.0
09.029  -5.0
09.033  -5.0
09.036  -5.0
09.040  -5.0
09.044  -5.0
09.048  -5.0
09.052  -5.0
09.055  -5.0
09.059  -5.0
09.064  -5.0
09.068  -5.0
09.072  -5.0
09.075  -5.0
09.079  -5.0
09.083  -5.0
09.087  -5.0
09.091  -5.0
09.094  -5.0
09.098  -5.0
09.102  -5.0
09.107  -5.0
09.111  -5.0
09.115  -5.0
09.118  -5.0
09.122  -5.0
09.126  -5.0
09.130  -5.0
09.134  -5.0
09.137  -5.0
09.141  -5.0
09.145  -5.0
09.150  -5.0
09.154  -5.0
09.157  -5.0
09.161  -5.0
09.165  -5.0
09.169  -5.0
09.173  -5.0
09.176  -5.0
09.180  -5.0
09.184  -5.0
09.188  -5.0
09.193  -5.0
09.197  -5.0
09.200  -5.0
09.204  -5.0
09.208  -5.0
09.212  -5.0
09.216  -5.0
09.219  -5.0
09.223  -5.0
09.227  -5.0
09.231  -5.0
09.236  -5.0
09.239  -5.0
09.243  -5.0
09.247  -5.0
09.251  -5.0
09.255  -5.0
09.258  -5.0
09.262  -5.0
09.266  -5.0
09.270  -5.0
09.274  -5.0
09.278  -5.0
09.282  -5.0
09.286  -5.0
09.290  -5.0
09.294  -5.0
09.298  -5.0
09.301  -5.0
09.305  -5.0
09.309  -5.0
09.313  -5.0
09.317  -5.0
09.321  -5.0
09.325  -5.0
09.329  -5.0
09.333  -5.0
09.337  -5.0
09.340  -5.0
09.344  -5.0
09.348  -5.0
09.352  -5.0
09.356  -5.0
09.359  -5.0
09.364  -5.0
09.368  -5.0
09.372  -5.0
09.376  -5.0
09.380  -5.0
09.383  -5.0
09.387  -5.0
09.391  -5.0
09.395  -5.0
09.399  -5.0
09.402  -5.0
09.407  -5.0
09.411  -5.0
09.415  -5.0
09.419  -5.0
09.422  -5.0
09.426  -5.0
09.430  -5.0
09.434  -5.0
09.438  -5.0
09.441  -5.0
09.445  -5.0
09.450  -5.0
09.454  -5.0
09.458  -5.0
09.461  -5.0
09.465  -5.0
09.469  -5.0
09.473  -5.0
09.477  -5.0
09.481  -5.0
09.484  -5.0
09.488  -5.0
09.493  -5.0
09.497  -5.0
09.501  -5.0
09.504  -5.0
09.508  -5.0
09.512  -5.0
09.516  -5.0
09.520  -5.0
09.523  -5.0
09.527  -5.0
09.531  -5.0
09.536  -5.0
09.540  -5.0
09.543  -5.0
09.547  -5.0
09.551  -5.0
09.555  -5.0
09.559  -5.0
09.563  -5.0
09.566  -5.0
09.570  -5.0
09.574  -5.0
09.579  -5.0
09.583  -5.0
09.586  -5.0
09.590  -5.0
09.594  -5.0
09.598  -5.0
09.602  -5.0
09.605  -5.0
09.609  -5.0
09.613  -5.0
09.617  -5.0
09.622  -5.0
09.625  -5.0
09.629  -5.0
09.633  -5.0
09.637  -5.0
09.641  -5.0
09.644  -5.0
09.648  -5.0
09.652  -5.0
09.656  -5.0
09.661  -5.0
09.665  -5.0
09.668  -5.0
09.672  -5.0
09.676  -5.0
09.680  -5.0
09.684  -5.0
09.687  -5.0
09.691  -5.0
09.695  -5.0
09.699  -5.0
09.704  -5.0
09.707  -5.0
09.711  -5.0
09.715  -5.0
09.719  -5.0
09.723  -5.0
09.726  -5.0
09.730  -5.0
09.734  -5.0
09.738  -5.0
09.742  -5.0
09.747  -5.0
09.750  -5.0
09.754  -5.0
09.758  -5.0
09.762  -5.0
09.766  -5.0
09.769  -5.0
09.773  -5.0
09.777  -5.0
09.781  -5.0
09.785  -5.0
09.789  -5.0
09.793  -5.0
09.797  -5.0
09.801  -5.0
09.805  -5.0
09.808  -5.0
09.812  -5.0
09.816  -5.0
09.820  -5.0
09.824  -5.0
09.827  -5.0
09.832  -5.0
09.836  -5.0
09.840  -5.0
09.844  -5.0
09.848  -5.0
09.851  -5.0
09.855  -5.0
09.859  -5.0
09.863  -5.0
09.867  -5.0
09.870  -5.0
09.875  -5.0
09.879  -5.0
09.883  -5.0
09.887  -5.0
09.890  -5.0
09.894  -5.0
09.898  -5.0
09.902  -5.0
09.906  -5.0
09.909  -5.0
09.913  -5.0
09.918  -5.0
09.922  -5.0
09.926  -5.0
09.930  -5.0
09.933  -5.0
09.937  -5.0
09.941  -5.0
09.945  -5.0
09.949  -5.0
09.952  -5.0
