-00.000  -5.0
00.004  -5.0
00.007  -5.0
00.011  -5.0
00.015  -5.0
00.019  -5.0
00.023  -5.0
00.026  -5.0
00.031  -5.0
00.035  -5.0
00.039  -5.0
00.043  -5.0
00.046  -5.0
00.050  -5.0
00.054  -5.0
00.058  -5.0
00.062  -5.0
00.065  -5.0
00.069  -5.0
00.074  -5.0
00.078  -5.0
00.082  -5.0
00.086  -5.0
00.089  -5.0
00.093  -5.0
00.097  -5.0
00.101  -5.0
00.105  -5.0
00.108  -5.0
00.112  -5.0
00.117  -5.0
00.121  -5.0
00.125  -5.0
00.128  -5.0
00.132  -5.0
00.136  -5.0
00.140  -5.0
00.144  -5.0
00.147  -5.0
00.151  -5.0
00.155  1.201171875
00.161  1.19140625
00.166  1.19140625
00.171  1.19140625
00.175  1.19140625
00.180  1.19140625
00.185  1.201171875
00.190  1.19140625
00.195  1.19140625
00.199  1.181640625
00.205  1.19140625
00.210  1.19140625
00.215  1.19140625
00.220  1.19140625
00.225  1.19140625
00.229  1.19140625
00.234  1.19140625
00.239  1.19140625
00.245  1.19140625
00.250  1.19140625
00.255  1.181640625
00.259  1.19140625
00.264  1.19140625
00.269  1.19140625
00.274  1.19140625
00.279  1.19140625
00.283  1.19140625
00.289  1.19140625
00.294  1.19140625
00.299  1.181640625
00.304  1.181640625
00.309  1.181640625
00.313  1.19140625
00.318  1.181640625
00.323  1.201171875
00.329  1.181640625
00.334  1.181640625
00.339  1.181640625
00.343  1.181640625
00.348  1.181640625
00.353  1.19140625
00.358  1.181640625
00.363  1.181640625
00.368  1.181640625
00.373  1.181640625
00.378  1.181640625
00.383  1.181640625
00.388  1.19140625
00.393  1.181640625
00.397  1.19140625
00.402  1.181640625
00.407  1.181640625
00.412  1.181640625
00.418  1.19140625
00.423  1.181640625
00.427  1.181640625
00.432  1.181640625
00.437  1.181640625
00.442  1.181640625
00.447  1.181640625
00.452  1.181640625
00.457  1.181640625
00.462  1.19140625
00.467  1.181640625
00.472  1.181640625
00.477  1.181640625
00.481  1.181640625
00.486  1.181640625
00.491  1.181640625
00.496  1.181640625
00.502  1.181640625
00.507  1.181640625
00.511  1.181640625
00.516  1.181640625
00.521  1.181640625
00.526  1.19140625
00.531  1.181640625
00.536  1.181640625
00.540  1.19140625
00.546  1.181640625
00.551  1.181640625
00.556  1.19140625
00.561  1.181640625
00.565  1.181640625
00.570  1.181640625
00.575  1.181640625
00.580  1.181640625
00.586  1.181640625
00.591  1.181640625
00.595  1.181640625
00.600  1.19140625
00.605  1.181640625
00.610  1.181640625
00.615  1.181640625
00.620  1.181640625
00.624  1.181640625
00.630  1.19140625
00.635  1.181640625
00.640  1.181640625
00.645  1.181640625
00.649  1.181640625
00.654  1.181640625
00.659  1.181640625
00.664  1.19140625
00.670  1.181640625
00.675  1.181640625
00.679  1.181640625
00.684  1.181640625
00.689  1.181640625
00.694  1.19140625
00.699  1.181640625
00.704  1.181640625
00.708  1.181640625
00.714  1.181640625
00.719  1.181640625
00.724  1.181640625
00.729  1.181640625
00.733  1.19140625
00.738  1.181640625
00.743  1.181640625
00.748  1.181640625
00.753  1.181640625
00.759  1.181640625
00.763  1.181640625
00.768  1.19140625
00.773  1.181640625
00.778  1.181640625
00.783  1.181640625
00.788  1.181640625
00.792  1.181640625
00.798  1.181640625
00.803  1.181640625
00.808  1.181640625
00.813  1.181640625
00.818  1.19140625
00.822  1.181640625
00.827  1.181640625
00.832  1.19140625
00.837  1.181640625
00.843  1.181640625
00.847  1.181640625
00.852  1.181640625
00.857  1.181640625
00.862  1.19140625
00.867  1.181640625
00.872  1.181640625
00.876  1.19140625
00.881  1.181640625
00.887  1.181640625
00.892  1.181640625
00.897  1.181640625
00.902  1.181640625
00.906  1.19140625
00.911  1.181640625
00.916  1.181640625
00.921  1.181640625
00.927  1.181640625
00.931  1.181640625
00.936  1.181640625
00.941  1.181640625
00.946  1.181640625
00.951  1.181640625
00.956  1.181640625
00.960  1.181640625
00.965  1.181640625
00.971  1.181640625
00.976  1.181640625
00.981  1.181640625
00.986  1.181640625
00.990  1.181640625
00.995  1.19140625
01.000  1.19140625
01.005  1.181640625
01.010  1.181640625
01.015  1.181640625
01.020  1.181640625
01.025  1.181640625
01.030  1.181640625
01.035  1.181640625
01.040  1.181640625
01.044  1.181640625
01.049  1.181640625
01.055  1.181640625
01.060  1.181640625
01.065  1.181640625
01.070  1.181640625
01.074  1.19140625
01.079  1.181640625
01.084  1.181640625
01.089  1.19140625
01.094  1.181640625
01.099  1.181640625
01.104  1.181640625
01.109  1.19140625
01.114  1.181640625
01.119  1.181640625
01.124  1.181640625
01.128  1.181640625
01.133  1.181640625
01.138  1.181640625
01.144  1.181640625
01.149  1.181640625
01.154  1.181640625
01.158  1.181640625
01.163  1.19140625
01.168  1.181640625
01.173  1.181640625
01.178  1.181640625
01.184  1.181640625
01.188  1.181640625
01.193  1.181640625
01.198  1.181640625
01.203  1.181640625
01.208  1.181640625
01.212  1.181640625
01.217  1.181640625
01.222  1.181640625
01.228  1.181640625
01.233  1.181640625
01.238  1.181640625
01.242  1.181640625
01.247  1.19140625
01.252  1.181640625
01.257  1.181640625
01.262  1.181640625
01.268  1.181640625
01.272  1.181640625
01.277  1.19140625
01.282  1.181640625
01.287  1.181640625
01.292  1.181640625
01.296  1.181640625
01.301  1.181640625
01.306  1.19140625
01.312  1.181640625
01.317  1.181640625
01.322  1.19140625
01.326  1.181640625
01.331  1.181640625
01.336  1.181640625
01.341  1.181640625
01.346  1.181640625
01.351  1.19140625
01.356  1.181640625
01.361  1.181640625
01.366  1.181640625
01.371  1.181640625
01.376  1.181640625
01.380  1.181640625
01.385  1.181640625
01.390  1.181640625
01.396  1.181640625
01.401  1.181640625
01.406  1.181640625
01.410  1.181640625
01.415  1.19140625
01.420  1.181640625
01.425  1.181640625
01.430  1.181640625
01.435  1.181640625
01.440  1.181640625
01.445  1.181640625
01.450  1.181640625
01.455  1.181640625
01.460  1.181640625
01.464  1.181640625
01.469  1.181640625
01.474  1.181640625
01.479  1.181640625
01.485  1.181640625
01.490  1.19140625
01.494  1.181640625
01.499  1.181640625
01.504  1.181640625
01.509  1.181640625
01.514  1.181640625
01.519  1.201171875
01.524  1.181640625
01.529  1.181640625
01.534  1.181640625
01.539  1.162109375
01.544  1.09375
01.548  1.044921875
01.553  1.025390625
01.558  0.99609375
01.563  0.947265625
01.569  0.927734375
01.574  0.908203125
01.578  0.888671875
01.583  0.83984375
01.588  0.810546875
01.593  0.791015625
01.598  0.771484375
01.603  0.712890625
01.607  0.673828125
01.613  0.64453125
01.618  0.625
01.623  0.556640625
01.628  0.52734375
01.633  0.478515625
01.637  0.44921875
01.642  0.390625
01.647  0.33203125
01.653  0.29296875
01.658  0.2734375
01.662  0.1953125
01.667  0.146484375
01.672  0.107421875
01.677  0.078125
01.682  0.009765625
01.687  -0.0390625
01.691  -0.068359375
01.697  -0.107421875
01.702  -0.166015625
01.707  -0.21484375
01.712  -0.25390625
01.717  -0.283203125
01.721  -0.341796875
01.726  -0.380859375
01.731  -0.41015625
01.737  -0.439453125
01.742  -0.498046875
01.746  -0.52734375
01.751  -0.56640625
01.756  -0.5859375
01.761  -0.634765625
01.766  -0.6640625
01.771  -0.703125
01.775  -0.712890625
01.781  -0.751953125
01.786  -0.78125
01.791  -0.791015625
01.796  -0.751953125
01.801  -0.751953125
01.805  -0.732421875
01.810  -0.6640625
01.815  -0.556640625
01.820  -0.458984375
01.826  -0.37109375
01.830  -0.263671875
01.835  -0.126953125
01.840  -0.01953125
01.845  0.068359375
01.850  0.17578125
01.855  0.302734375
01.859  0.400390625
01.865  0.458984375
01.870  0.537109375
01.875  0.64453125
01.880  0.712890625
01.885  0.7421875
01.889  0.791015625
01.894  0.859375
01.899  0.8984375
01.904  0.888671875
01.910  0.908203125
01.914  0.9375
01.919  0.9375
01.924  0.908203125
01.929  0.888671875
01.934  0.8984375
01.939  0.87890625
01.943  0.8203125
01.948  0.78125
01.954  0.771484375
01.959  0.732421875
01.964  0.6640625
01.969  0.60546875
01.973  0.56640625
01.978  0.517578125
01.983  0.4296875
01.988  0.3515625
01.994  0.29296875
01.998  0.244140625
02.003  0.146484375
02.008  0.068359375
02.013  0.009765625
02.018  -0.0390625
02.023  -0.126953125
02.027  -0.205078125
02.032  -0.25390625
02.038  -0.29296875
02.043  -0.361328125
02.048  -0.4296875
02.053  -0.458984375
02.057  -0.48828125
02.062  -0.537109375
02.067  -0.576171875
02.072  -0.595703125
02.078  -0.5859375
02.083  -0.615234375
02.087  -0.625
02.092  -0.615234375
02.097  -0.56640625
02.102  -0.56640625
02.107  -0.556640625
02.111  -0.517578125
02.116  -0.478515625
02.122  -0.46875
02.127  -0.4296875
02.132  -0.400390625
02.137  -0.37109375
02.141  -0.361328125
02.146  -0.33203125
02.151  -0.3125
02.156  -0.302734375
02.161  -0.302734375
02.167  -0.283203125
02.171  -0.2734375
02.176  -0.283203125
02.181  -0.29296875
02.186  -0.29296875
02.191  -0.302734375
02.195  -0.341796875
02.200  -0.3515625
02.206  -0.37109375
02.211  -0.380859375
02.216  -0.4296875
02.221  -0.458984375
02.225  -0.48828125
02.230  -0.517578125
02.235  -0.56640625
02.240  -0.60546875
02.245  -0.634765625
02.251  -0.6640625
02.255  -0.72265625
02.260  -0.771484375
02.265  -0.80078125
02.270  -0.83984375
02.275  -0.888671875
02.279  -0.9375
02.284  -0.966796875
02.289  -1.005859375
02.295  -1.0546875
02.300  -1.103515625
02.305  -1.1328125
02.309  -1.171875
02.314  -1.220703125
02.319  -1.26953125
02.324  -1.298828125
02.329  -1.328125
02.335  -1.376953125
02.339  -1.42578125
02.344  -1.455078125
02.349  -1.46484375
02.354  -1.5234375
02.359  -1.5625
02.363  -1.591796875
02.368  -1.611328125
02.373  -1.650390625
02.379  -1.6796875
02.384  -1.69921875
02.389  -1.71875
02.393  -1.748046875
02.398  -1.77734375
02.403  -1.77734375
02.408  -1.7578125
02.413  -1.748046875
02.418  -1.71875
02.423  -1.640625
02.428  -1.54296875
02.433  -1.4453125
02.438  -1.357421875
02.443  -1.23046875
02.448  -1.103515625
02.452  -0.986328125
02.457  -0.87890625
02.463  -0.76171875
02.468  -0.64453125
02.473  -0.546875
02.477  -0.458984375
02.482  -0.361328125
02.487  -0.263671875
02.492  -0.185546875
02.497  -0.126953125
02.502  -0.05859375
02.507  0.0
02.512  0.048828125
02.517  0.078125
02.522  0.107421875
02.527  0.146484375
02.532  0.15625
02.536  0.15625
02.541  0.15625
02.546  0.166015625
02.552  0.15625
02.557  0.1171875
02.561  0.087890625
02.566  0.068359375
02.571  0.029296875
02.576  -0.01953125
02.581  -0.078125
02.586  -0.126953125
02.591  -0.185546875
02.596  -0.263671875
02.606  -0.380859375
02.611  -0.458984375
02.616  -0.537109375
02.620  -0.60546875
02.625  -0.654296875
02.630  -0.732421875
02.636  -0.810546875
02.641  -0.87890625
02.645  -0.91796875
02.650  -0.9765625
02.655  -1.044921875
02.660  -1.09375
02.665  -1.123046875
02.670  -1.162109375
02.674  -1.2109375
02.680  -1.25
02.685  -1.25
02.690  -1.26953125
02.695  -1.2890625
02.700  -1.298828125
02.704  -1.279296875
02.709  -1.259765625
02.714  -1.25
02.720  -1.23046875
02.725  -1.19140625
02.729  -1.162109375
02.734  -1.1328125
02.739  -1.123046875
02.744  -1.083984375
02.749  -1.044921875
02.754  -1.03515625
02.758  -1.015625
02.764  -0.986328125
02.769  -0.966796875
02.774  -0.966796875
02.779  -0.966796875
02.784  -0.9375
02.788  -0.9375
02.793  -0.9375
02.798  -0.966796875
02.804  -0.95703125
02.809  -0.966796875
02.813  -0.986328125
02.818  -1.015625
02.823  -1.015625
02.828  -1.044921875
02.833  -1.07421875
02.838  -1.11328125
02.842  -1.1328125
02.848  -1.162109375
02.853  -1.19140625
02.858  -1.240234375
02.863  -1.26953125
02.868  -1.30859375
02.872  -1.34765625
02.877  -1.396484375
02.882  -1.416015625
02.887  -1.455078125
02.893  -1.494140625
02.898  -1.552734375
02.902  -1.58203125
02.907  -1.6015625
02.912  -1.640625
02.917  -1.69921875
02.922  -1.71875
02.926  -1.748046875
02.932  -1.787109375
02.937  -1.8359375
02.942  -1.85546875
02.947  -1.884765625
02.952  -1.9140625
02.956  -1.962890625
02.961  -1.982421875
02.966  -2.001953125
02.971  -2.03125
02.977  -2.080078125
02.982  -2.099609375
02.986  -2.109375
02.991  -2.138671875
02.996  -2.177734375
03.001  -2.197265625
03.006  -2.216796875
03.010  -2.2265625
03.015  -2.255859375
03.021  -2.255859375
03.026  -2.236328125
03.031  -2.216796875
03.036  -2.1875
03.040  -2.109375
03.045  -2.01171875
03.050  -1.89453125
03.055  -1.787109375
03.061  -1.669921875
03.066  -1.5234375
03.070  -1.38671875
03.075  -1.279296875
03.080  -1.15234375
03.085  -1.025390625
03.090  -0.908203125
03.094  -0.810546875
03.099  -0.72265625
03.105  -0.60546875
03.110  -0.517578125
03.115  -0.458984375
03.120  -0.390625
03.124  -0.3125
03.129  -0.25390625
03.134  -0.21484375
03.139  -0.185546875
03.145  -0.146484375
03.150  -0.1171875
03.154  -0.107421875
03.159  -0.1171875
03.164  -0.09765625
03.169  -0.09765625
03.174  -0.13671875
03.178  -0.166015625
03.183  -0.185546875
03.189  -0.205078125
03.194  -0.263671875
03.199  -0.3125
03.204  -0.3515625
03.208  -0.400390625
03.213  -0.478515625
03.218  -0.546875
03.223  -0.60546875
03.228  -0.6640625
03.234  -0.7421875
03.238  -0.810546875
03.243  -0.87890625
03.248  -0.9375
03.253  -1.015625
03.258  -1.09375
03.262  -1.142578125
03.267  -1.19140625
03.273  -1.259765625
03.278  -1.328125
03.283  -1.3671875
03.288  -1.40625
03.292  -1.4453125
03.297  -1.494140625
03.302  -1.513671875
03.307  -1.533203125
03.312  -1.552734375
03.318  -1.572265625
03.322  -1.5625
03.327  -1.552734375
03.332  -1.54296875
03.337  -1.533203125
03.342  -1.513671875
03.347  -1.46484375
03.351  -1.4453125
03.356  -1.42578125
03.362  -1.396484375
03.367  -1.357421875
03.372  -1.337890625
03.376  -1.318359375
03.381  -1.298828125
03.386  -1.259765625
03.391  -1.25
03.396  -1.25
03.402  -1.240234375
03.406  -1.220703125
03.411  -1.220703125
03.416  -1.240234375
03.421  -1.240234375
03.426  -1.23046875
03.431  -1.25
03.435  -1.26953125
03.440  -1.2890625
03.446  -1.298828125
03.451  -1.328125
03.456  -1.34765625
03.460  -1.396484375
03.465  -1.416015625
03.470  -1.4453125
03.475  -1.494140625
03.480  -1.533203125
03.486  -1.552734375
03.490  -1.591796875
03.495  -1.640625
03.500  -1.689453125
03.505  -1.708984375
03.510  -1.748046875
03.515  -1.796875
03.519  -1.845703125
03.524  -1.865234375
03.530  -1.904296875
03.535  -1.953125
03.540  -1.9921875
03.544  -2.01171875
03.549  -2.05078125
03.554  -2.099609375
03.559  -2.138671875
03.564  -2.1484375
03.569  -2.177734375
03.574  -2.216796875
03.579  -2.255859375
03.584  -2.275390625
03.589  -2.3046875
03.594  -2.34375
03.599  -2.373046875
03.603  -2.3828125
03.608  -2.412109375
03.614  -2.44140625
03.619  -2.48046875
03.624  -2.490234375
03.628  -2.509765625
03.633  -2.5390625
03.638  -2.568359375
03.643  -2.578125
03.648  -2.587890625
03.653  -2.607421875
03.658  -2.63671875
03.663  -2.626953125
03.668  -2.626953125
03.673  -2.6171875
03.678  -2.59765625
03.683  -2.51953125
03.687  -2.44140625
03.692  -2.333984375
03.697  -2.216796875
03.703  -2.080078125
03.708  -1.93359375
03.713  -1.806640625
03.717  -1.6796875
03.722  -1.533203125
03.727  -1.396484375
03.732  -1.26953125
03.737  -1.162109375
03.742  -1.03515625
03.747  -0.91796875
03.752  -0.8203125
03.757  -0.7421875
03.762  -0.64453125
03.767  -0.556640625
03.771  -0.48828125
03.776  -0.44921875
03.781  -0.390625
03.787  -0.33203125
03.792  -0.302734375
03.797  -0.29296875
03.801  -0.2734375
03.806  -0.25390625
03.811  -0.25390625
03.816  -0.2734375
03.821  -0.2734375
03.825  -0.29296875
03.831  -0.322265625
03.836  -0.37109375
03.841  -0.400390625
03.846  -0.439453125
03.851  -0.48828125
03.855  -0.556640625
03.860  -0.615234375
03.865  -0.6640625
03.871  -0.732421875
03.876  -0.810546875
03.881  -0.87890625
03.885  -0.927734375
03.890  -0.99609375
03.895  -1.083984375
03.900  -1.15234375
03.905  -1.201171875
03.909  -1.25
03.915  -1.328125
03.920  -1.38671875
03.925  -1.42578125
03.930  -1.46484375
03.935  -1.5234375
03.939  -1.572265625
03.944  -1.591796875
03.949  -1.62109375
03.954  -1.650390625
03.960  -1.6796875
03.965  -1.669921875
03.969  -1.669921875
03.974  -1.6796875
03.979  -1.669921875
03.984  -1.640625
03.989  -1.6015625
03.993  -1.591796875
03.999  -1.572265625
04.004  -1.5234375
04.009  -1.484375
04.014  -1.474609375
04.019  -1.4453125
04.023  -1.40625
04.028  -1.376953125
04.033  -1.3671875
04.038  -1.34765625
04.044  -1.318359375
04.049  -1.30859375
04.053  -1.30859375
04.058  -1.30859375
04.063  -1.2890625
04.068  -1.279296875
04.073  -1.298828125
04.077  -1.30859375
04.082  -1.318359375
04.088  -1.328125
04.093  -1.357421875
04.098  -1.376953125
04.103  -1.40625
04.107  -1.416015625
04.112  -1.46484375
04.117  -1.50390625
04.122  -1.533203125
04.128  -1.5625
04.133  -1.6015625
04.137  -1.650390625
04.142  -1.6796875
04.147  -1.708984375
04.152  -1.7578125
04.157  -1.806640625
04.162  -1.8359375
04.166  -1.865234375
04.172  -1.9140625
04.177  -1.962890625
04.182  -1.9921875
04.187  -2.021484375
04.191  -2.060546875
04.196  -2.109375
04.201  -2.138671875
04.206  -2.158203125
04.212  -2.197265625
04.217  -2.236328125
04.221  -2.265625
04.226  -2.28515625
04.231  -2.314453125
04.236  -2.353515625
04.241  -2.3828125
04.246  -2.392578125
04.250  -2.421875
04.256  -2.4609375
04.261  -2.48046875
04.266  -2.48046875
04.271  -2.509765625
04.275  -2.5390625
04.280  -2.568359375
04.285  -2.568359375
04.290  -2.587890625
04.295  -2.6171875
04.301  -2.63671875
04.305  -2.646484375
04.310  -2.65625
04.315  -2.685546875
04.320  -2.705078125
04.325  -2.705078125
04.330  -2.705078125
04.334  -2.71484375
04.340  -2.705078125
04.345  -2.666015625
04.350  -2.6171875
04.355  -2.55859375
04.359  -2.4609375
04.364  -2.32421875
04.369  -2.197265625
04.374  -2.060546875
04.379  -1.93359375
04.385  -1.77734375
04.389  -1.640625
04.394  -1.513671875
04.399  -1.396484375
04.404  -1.240234375
04.409  -1.1328125
04.414  -1.03515625
04.418  -0.9375
04.423  -0.8203125
04.429  -0.732421875
04.434  -0.6640625
04.439  -0.595703125
04.443  -0.517578125
04.448  -0.458984375
04.453  -0.4296875
04.458  -0.400390625
04.463  -0.3515625
04.469  -0.33203125
04.473  -0.33203125
04.478  -0.341796875
04.483  -0.33203125
04.488  -0.341796875
04.493  -0.361328125
04.498  -0.41015625
04.502  -0.4296875
04.507  -0.46875
04.513  -0.5078125
04.518  -0.5859375
04.523  -0.625
04.527  -0.68359375
04.532  -0.751953125
04.537  -0.830078125
04.542  -0.87890625
04.547  -0.947265625
04.553  -1.025390625
04.557  -1.103515625
04.562  -1.162109375
04.567  -1.220703125
04.572  -1.2890625
04.577  -1.3671875
04.582  -1.416015625
04.586  -1.46484375
04.591  -1.5234375
04.597  -1.591796875
04.602  -1.630859375
04.607  -1.650390625
04.612  -1.69921875
04.616  -1.748046875
04.621  -1.767578125
04.626  -1.77734375
04.631  -1.787109375
04.636  -1.81640625
04.641  -1.806640625
04.646  -1.787109375
04.651  -1.77734375
04.656  -1.77734375
04.661  -1.748046875
04.666  -1.708984375
04.670  -1.669921875
04.675  -1.66015625
04.681  -1.611328125
04.686  -1.58203125
04.691  -1.54296875
04.696  -1.533203125
04.700  -1.50390625
04.705  -1.46484375
04.710  -1.4453125
04.715  -1.4453125
04.720  -1.42578125
04.725  -1.40625
04.730  -1.396484375
04.735  -1.416015625
04.740  -1.416015625
04.745  -1.40625
04.750  -1.416015625
04.754  -1.435546875
04.759  -1.455078125
04.764  -1.46484375
04.770  -1.484375
04.775  -1.513671875
04.780  -1.552734375
04.784  -1.5625
04.789  -1.58203125
04.794  -1.640625
04.799  -1.669921875
04.804  -1.69921875
04.809  -1.728515625
04.814  -1.77734375
04.819  -1.81640625
04.824  -1.845703125
04.829  -1.875
04.834  -1.923828125
04.838  -1.962890625
04.843  -1.982421875
04.848  -2.01171875
04.854  -2.060546875
04.859  -2.109375
04.864  -2.12890625
04.868  -2.1484375
04.873  -2.197265625
04.878  -2.236328125
04.883  -2.24609375
04.888  -2.275390625
04.892  -2.314453125
04.898  -2.353515625
04.903  -2.36328125
04.908  -2.3828125
04.913  -2.412109375
04.918  -2.451171875
04.922  -2.4609375
04.927  -2.48046875
04.932  -2.509765625
04.938  -2.5390625
04.943  -2.55859375
04.948  -2.568359375
04.952  -2.587890625
04.957  -2.6171875
04.962  -2.626953125
04.967  -2.63671875
04.972  -2.666015625
04.977  -2.685546875
04.982  -2.685546875
04.987  -2.6953125
04.992  -2.705078125
04.997  -2.705078125
05.002  -2.6953125
05.006  -2.65625
05.011  -2.6171875
05.016  -2.55859375
05.022  -2.4609375
05.027  -2.333984375
05.032  -2.20703125
05.036  -2.08984375
05.041  -1.943359375
05.046  -1.796875
05.051  -1.66015625
05.056  -1.54296875
05.061  -1.40625
05.066  -1.26953125
05.071  -1.15234375
05.076  -1.064453125
05.081  -0.95703125
05.086  -0.849609375
05.090  -0.771484375
05.095  -0.693359375
05.100  -0.634765625
05.105  -0.556640625
05.111  -0.517578125
05.116  -0.48828125
05.120  -0.44921875
05.125  -0.41015625
05.130  -0.400390625
05.135  -0.400390625
05.140  -0.41015625
05.145  -0.400390625
05.150  -0.419921875
05.155  -0.458984375
05.160  -0.498046875
05.165  -0.517578125
05.170  -0.56640625
05.174  -0.634765625
05.179  -0.693359375
05.184  -0.7421875
05.189  -0.80078125
05.195  -0.87890625
05.200  -0.947265625
05.204  -0.99609375
05.209  -1.07421875
05.214  -1.15234375
05.219  -1.220703125
05.224  -1.26953125
05.229  -1.337890625
05.233  -1.40625
05.239  -1.484375
05.244  -1.5234375
05.249  -1.58203125
05.254  -1.630859375
05.258  -1.69921875
05.263  -1.708984375
05.268  -1.7578125
05.273  -1.806640625
05.279  -1.845703125
05.284  -1.845703125
05.288  -1.865234375
05.293  -1.884765625
05.298  -1.9140625
05.303  -1.89453125
05.308  -1.89453125
05.313  -1.884765625
05.317  -1.875
05.323  -1.8359375
05.328  -1.806640625
05.333  -1.787109375
05.338  -1.767578125
05.342  -1.71875
05.347  -1.6796875
05.352  -1.66015625
05.357  -1.630859375
05.362  -1.6015625
05.368  -1.572265625
05.372  -1.54296875
05.377  -1.552734375
05.382  -1.5234375
05.387  -1.50390625
05.392  -1.50390625
05.397  -1.513671875
05.401  -1.50390625
05.407  -1.50390625
05.412  -1.513671875
05.417  -1.552734375
05.422  -1.552734375
05.427  -1.572265625
05.431  -1.58203125
05.436  -1.630859375
05.441  -1.650390625
05.446  -1.669921875
05.452  -1.708984375
05.456  -1.748046875
05.461  -1.77734375
05.466  -1.796875
05.471  -1.8359375
05.476  -1.884765625
05.481  -1.9140625
05.485  -1.93359375
05.490  -1.97265625
05.496  -2.01171875
05.501  -2.041015625
05.506  -2.060546875
05.511  -2.099609375
05.515  -2.1484375
05.520  -2.177734375
05.525  -2.1875
05.530  -2.216796875
05.536  -2.265625
05.540  -2.28515625
05.545  -2.3046875
05.550  -2.333984375
05.555  -2.3828125
05.560  -2.40234375
05.565  -2.412109375
05.569  -2.421875
05.574  -2.48046875
05.580  -2.5
05.585  -2.5
05.590  -2.529296875
05.595  -2.55859375
05.599  -2.578125
05.604  -2.587890625
05.609  -2.607421875
05.614  -2.63671875
05.620  -2.666015625
05.624  -2.666015625
05.629  -2.67578125
05.634  -2.6953125
05.639  -2.705078125
05.644  -2.685546875
05.649  -2.666015625
05.653  -2.65625
05.658  -2.6171875
05.664  -2.5390625
05.669  -2.44140625
05.674  -2.333984375
05.679  -2.20703125
05.683  -2.060546875
05.688  -1.9140625
05.693  -1.787109375
05.698  -1.650390625
05.703  -1.513671875
05.708  -1.3671875
05.713  -1.259765625
05.718  -1.15234375
05.723  -1.025390625
05.728  -0.91796875
05.733  -0.830078125
05.737  -0.751953125
05.742  -0.6640625
05.748  -0.5859375
05.753  -0.537109375
05.758  -0.498046875
05.763  -0.439453125
05.767  -0.400390625
05.772  -0.37109375
05.777  -0.37109375
05.782  -0.3515625
05.787  -0.341796875
05.792  -0.3515625
05.797  -0.390625
05.802  -0.400390625
05.807  -0.419921875
05.812  -0.46875
05.817  -0.52734375
05.821  -0.56640625
05.826  -0.615234375
05.831  -0.68359375
05.837  -0.76171875
05.842  -0.8203125
05.847  -0.888671875
05.851  -0.947265625
05.856  -1.03515625
05.861  -1.09375
05.866  -1.15234375
05.871  -1.220703125
05.877  -1.30859375
05.881  -1.3671875
05.886  -1.416015625
05.891  -1.474609375
05.896  -1.54296875
05.901  -1.591796875
05.905  -1.630859375
05.910  -1.669921875
05.915  -1.73828125
05.921  -1.767578125
05.926  -1.796875
05.931  -1.826171875
05.935  -1.865234375
05.940  -1.875
05.945  -1.875
05.950  -1.884765625
05.955  -1.904296875
05.961  -1.904296875
05.965  -1.884765625
05.970  -1.875
05.975  -1.865234375
05.980  -1.845703125
05.985  -1.796875
05.989  -1.77734375
05.994  -1.767578125
05.999  -1.748046875
06.005  -1.69921875
06.010  -1.669921875
06.015  -1.669921875
06.019  -1.650390625
06.024  -1.62109375
06.029  -1.611328125
06.034  -1.611328125
06.039  -1.611328125
06.044  -1.591796875
06.049  -1.591796875
06.054  -1.611328125
06.059  -1.630859375
06.064  -1.62109375
06.069  -1.640625
06.073  -1.669921875
06.078  -1.689453125
06.083  -1.708984375
06.089  -1.728515625
06.094  -1.7578125
06.099  -1.796875
06.103  -1.81640625
06.108  -1.8359375
06.113  -1.875
06.118  -1.923828125
06.123  -1.923828125
06.128  -1.962890625
06.133  -1.9921875
06.138  -2.041015625
06.143  -2.041015625
06.148  -2.0703125
06.153  -2.099609375
06.157  -2.1484375
06.162  -2.158203125
06.167  -2.1875
06.172  -2.216796875
06.178  -2.255859375
06.183  -2.265625
06.187  -2.28515625
06.192  -2.314453125
06.197  -2.353515625
06.202  -2.36328125
06.207  -2.3828125
06.212  -2.412109375
06.217  -2.44140625
06.222  -2.451171875
06.227  -2.470703125
06.232  -2.490234375
06.237  -2.529296875
06.242  -2.5390625
06.246  -2.548828125
06.251  -2.568359375
06.256  -2.607421875
06.262  -2.59765625
06.267  -2.6171875
06.271  -2.63671875
06.276  -2.67578125
06.281  -2.67578125
06.286  -2.67578125
06.291  -2.685546875
06.296  -2.705078125
06.300  -2.6953125
06.306  -2.666015625
06.311  -2.626953125
06.316  -2.578125
06.321  -2.48046875
06.326  -2.36328125
06.330  -2.236328125
06.335  -2.109375
06.340  -1.953125
06.346  -1.806640625
06.351  -1.66015625
06.355  -1.533203125
06.360  -1.40625
06.365  -1.25
06.370  -1.1328125
06.375  -1.03515625
06.380  -0.927734375
06.384  -0.810546875
06.390  -0.712890625
06.395  -0.64453125
06.400  -0.56640625
06.405  -0.48828125
06.410  -0.4296875
06.414  -0.390625
06.419  -0.3515625
06.424  -0.302734375
06.430  -0.2734375
06.435  -0.283203125
06.439  -0.283203125
06.444  -0.263671875
06.449  -0.2734375
06.454  -0.3125
06.459  -0.341796875
06.464  -0.37109375
06.468  -0.41015625
06.474  -0.478515625
06.479  -0.546875
06.484  -0.595703125
06.489  -0.654296875
06.494  -0.732421875
06.498  -0.810546875
06.503  -0.869140625
06.508  -0.927734375
06.513  -1.005859375
06.519  -1.07421875
06.523  -1.1328125
06.528  -1.19140625
06.533  -1.26953125
06.538  -1.337890625
06.543  -1.38671875
06.548  -1.435546875
06.552  -1.50390625
06.558  -1.5625
06.563  -1.6015625
06.568  -1.630859375
06.573  -1.6796875
06.578  -1.728515625
06.582  -1.748046875
06.587  -1.767578125
06.592  -1.806640625
06.597  -1.826171875
06.603  -1.8359375
06.607  -1.845703125
06.612  -1.85546875
06.617  -1.875
06.622  -1.875
06.627  -1.865234375
06.632  -1.875
06.636  -1.884765625
06.641  -1.875
06.647  -1.865234375
06.652  -1.875
06.657  -1.884765625
06.662  -1.884765625
06.666  -1.875
06.671  -1.884765625
06.676  -1.904296875
06.681  -1.904296875
06.687  -1.904296875
06.692  -1.923828125
06.696  -1.953125
06.701  -1.962890625
06.706  -1.962890625
06.711  -1.9921875
06.716  -2.03125
06.720  -2.060546875
06.725  -2.0703125
06.731  -2.099609375
06.736  -2.1484375
06.741  -2.1875
06.746  -2.20703125
06.750  -2.24609375
06.755  -2.3046875
06.760  -2.34375
06.765  -2.373046875
06.770  -2.412109375
06.776  -2.470703125
06.780  -2.509765625
06.785  -2.548828125
06.790  -2.587890625
06.795  -2.646484375
06.800  -2.6953125
06.804  -2.724609375
06.809  -2.7734375
06.815  -2.83203125
06.820  -2.890625
06.825  -2.9296875
06.830  -2.978515625
06.834  -3.046875
06.839  -3.115234375
06.844  -3.14453125
06.849  -3.22265625
06.854  -3.291015625
06.860  -3.369140625
06.864  -3.41796875
06.869  -3.49609375
06.874  -3.57421875
06.879  -3.671875
06.884  -3.740234375
06.888  -3.8671875
06.893  -4.0625
06.898  -4.248046875
06.903  -4.423828125
06.908  -4.58984375
06.912  -4.775390625
06.916  -4.951171875
06.920  -5.0
06.924  -5.0
06.928  -5.0
06.932  -5.0
06.935  -5.0
06.939  -5.0
06.944  -5.0
06.948  -5.0
06.952  -5.0
06.955  -5.0
06.959  -5.0
06.963  -5.0
06.967  -5.0
06.971  -5.0
06.975  -5.0
06.978  -5.0
06.982  -5.0
06.987  -5.0
06.991  -5.0
06.995  -5.0
06.998  -5.0
07.002  -5.0
07.006  -5.0
07.010  -5.0
07.014  -5.0
07.017  -5.0
07.021  -5.0
07.025  -5.0
07.030  -5.0
07.034  -5.0
07.037  -5.0
07.041  -5.0
07.045  -5.0
07.049  -5.0
07.053  -5.0
07.056  -5.0
07.060  -5.0
07.064  -5.0
07.068  -5.0
07.073  -5.0
07.077  -5.0
07.080  -5.0
07.084  -5.0
07.088  -5.0
07.092  -5.0
07.096  -5.0
07.099  -5.0
07.103  -5.0
07.107  -5.0
07.111  -5.0
07.116  -5.0
07.119  -5.0
07.123  -5.0
07.127  -5.0
07.131  -5.0
07.135  -5.0
07.138  -5.0
07.142  -5.0
07.146  -5.0
07.150  -5.0
07.154  -5.0
07.159  -5.0
07.162  -5.0
07.166  -5.0
07.170  -5.0
07.174  -5.0
07.178  -5.0
07.181  -5.0
07.185  -5.0
07.189  -5.0
07.193  -5.0
07.198  -5.0
07.201  -5.0
07.205  -5.0
07.209  -5.0
07.213  -5.0
07.217  -5.0
07.220  -5.0
07.224  -5.0
07.228  -5.0
07.232  -5.0
07.236  -5.0
07.241  -5.0
07.244  -5.0
07.248  -5.0
07.252  -5.0
07.256  -5.0
07.260  -5.0
07.263  -5.0
07.267  -5.0
07.271  -5.0
07.275  -5.0
07.279  -5.0
07.282  -5.0
07.287  -5.0
07.291  -5.0
07.295  -5.0
07.299  -5.0
07.302  -5.0
07.306  -5.0
07.310  -5.0
07.314  -5.0
07.318  -5.0
07.321  -5.0
07.326  -5.0
07.330  -5.0
07.334  -5.0
07.338  -5.0
07.342  -5.0
07.345  -5.0
07.349  -5.0
07.353  -5.0
07.357  -5.0
07.361  -5.0
07.364  -5.0
07.369  -5.0
07.373  -5.0
07.377  -5.0
07.381  -5.0
07.384  -5.0
07.388  -5.0
07.392  -5.0
07.396  -5.0
07.400  -5.0
07.403  -5.0
07.407  -5.0
07.412  -5.0
07.416  -5.0
07.420  -5.0
07.424  -5.0
07.427  -5.0
07.431  -5.0
07.435  -5.0
07.439  -5.0
07.443  -5.0
07.446  -5.0
07.450  -5.0
07.455  -5.0
07.459  -5.0
07.463  -5.0
07.466  -5.0
07.470  -5.0
07.474  -5.0
07.478  -5.0
07.482  -5.0
07.485  -5.0
07.489  -5.0
07.493  -5.0
07.498  -5.0
07.502  -5.0
07.505  -5.0
07.509  -5.0
07.513  -5.0
07.517  -5.0
07.521  -5.0
07.525  -5.0
07.528  -5.0
07.532  -5.0
07.536  -5.0
07.541  -5.0
07.545  -5.0
07.548  -5.0
07.552  -5.0
07.556  -5.0
07.560  -5.0
07.564  -5.0
07.567  -5.0
07.571  -5.0
07.575  -5.0
07.579  -5.0
07.584  -5.0
07.587  -5.0
07.591  -5.0
07.595  -5.0
07.599  -5.0
07.603  -5.0
07.607  -5.0
07.610  -5.0
07.614  -5.0
07.618  -5.0
07.622  -5.0
07.627  -5.0
07.630  -5.0
07.634  -5.0
07.638  -5.0
07.642  -5.0
07.646  -5.0
07.649  -5.0
07.653  -5.0
07.657  -5.0
07.661  -5.0
07.665  -5.0
07.669  -5.0
07.673  -5.0
07.677  -5.0
07.681  -5.0
07.685  -4.98046875
07.688  -4.90234375
07.693  -4.82421875
07.697  -4.736328125
07.701  -4.62890625
07.706  -4.53125
07.711  -4.453125
07.715  -4.384765625
07.719  -4.306640625
07.724  -4.208984375
07.728  -4.140625
07.732  -4.072265625
07.737  -4.0234375
07.741  -3.9453125
07.746  -3.876953125
07.751  -3.80859375
07.757  -3.76953125
07.762  -3.701171875
07.766  -3.6328125
07.771  -3.59375
07.776  -3.5546875
07.781  -3.49609375
07.786  -3.4375
07.791  -3.408203125
07.796  -3.37890625
07.801  -3.33984375
07.806  -3.28125
07.811  -3.26171875
07.816  -3.232421875
07.820  -3.203125
07.825  -3.14453125
07.830  -3.125
07.835  -3.115234375
07.841  -3.076171875
07.846  -3.046875
07.850  -3.017578125
07.855  -2.998046875
07.860  -2.96875
07.865  -2.919921875
07.870  -2.890625
07.875  -2.87109375
07.879  -2.841796875
07.885  -2.79296875
07.890  -2.763671875
07.895  -2.734375
07.900  -2.705078125
07.904  -2.65625
07.909  -2.6171875
07.914  -2.59765625
07.919  -2.568359375
07.925  -2.509765625
07.930  -2.470703125
07.934  -2.44140625
07.939  -2.412109375
07.944  -2.353515625
07.949  -2.314453125
07.954  -2.275390625
07.959  -2.236328125
07.963  -2.177734375
07.969  -2.119140625
07.974  -2.080078125
07.979  -2.03125
07.984  -1.982421875
07.988  -2.021484375
07.993  -2.080078125
07.998  -2.138671875
08.003  -2.158203125
08.009  -2.1875
08.014  -2.2265625
08.018  -2.265625
08.023  -2.275390625
08.028  -2.28515625
08.033  -2.32421875
08.038  -2.34375
08.043  -2.34375
08.047  -2.353515625
08.053  -2.373046875
08.058  -2.392578125
08.063  -2.3828125
08.068  -2.3828125
08.073  -2.392578125
08.077  -2.412109375
08.082  -2.40234375
08.087  -2.40234375
08.092  -2.412109375
08.098  -2.431640625
08.102  -2.412109375
08.107  -2.421875
08.112  -2.431640625
08.117  -2.451171875
08.122  -2.431640625
08.127  -2.421875
08.131  -2.421875
08.137  -2.44140625
08.142  -2.421875
08.147  -2.412109375
08.152  -2.40234375
08.157  -2.412109375
08.161  -2.392578125
08.166  -2.373046875
08.171  -2.373046875
08.176  -2.3828125
08.182  -2.373046875
08.186  -2.353515625
08.191  -2.36328125
08.196  -2.36328125
08.201  -2.36328125
08.206  -2.353515625
08.211  -2.353515625
08.215  -2.373046875
08.220  -2.373046875
08.226  -2.353515625
08.231  -2.353515625
08.236  -2.36328125
08.241  -2.34375
08.245  -2.314453125
08.250  -2.28515625
08.255  -2.265625
08.260  -2.197265625
08.266  -2.119140625
08.270  -2.03125
08.275  -1.962890625
08.280  -1.845703125
08.285  -1.69921875
08.290  -1.5234375
08.295  -1.337890625
08.299  -1.103515625
08.304  -0.83984375
08.310  -0.595703125
08.315  -0.3515625
08.320  -0.107421875
08.325  0.15625
08.329  0.390625
08.334  0.595703125
08.339  0.791015625
08.344  0.986328125
08.350  1.123046875
08.354  1.162109375
08.359  1.171875
08.364  1.162109375
08.369  1.171875
08.374  1.171875
08.379  1.171875
08.383  1.171875
08.388  1.171875
08.394  1.171875
08.399  1.171875
08.404  1.171875
08.409  1.181640625
08.413  1.171875
08.418  1.162109375
08.423  1.15234375
08.428  1.1328125
08.433  1.083984375
08.439  1.044921875
08.443  1.044921875
08.448  1.025390625
08.453  0.986328125
08.458  0.95703125
08.463  0.95703125
08.467  0.947265625
08.472  0.91796875
08.478  0.8984375
08.483  0.91796875
08.488  0.927734375
08.493  0.908203125
08.497  0.8984375
08.502  0.91796875
08.507  0.908203125
08.512  0.8984375
08.517  0.888671875
08.523  0.8984375
08.527  0.888671875
08.532  0.87890625
08.537  0.859375
08.542  0.859375
08.547  0.859375
08.551  0.8203125
08.556  0.791015625
08.561  0.78125
08.567  0.76171875
08.572  0.72265625
08.577  0.673828125
08.581  0.654296875
08.586  0.625
08.591  0.5859375
08.596  0.546875
08.601  0.517578125
08.607  0.5078125
08.611  0.48828125
08.616  0.4296875
08.621  0.361328125
08.626  0.263671875
08.631  0.146484375
08.635  0.01953125
08.640  -0.068359375
08.645  -0.146484375
08.651  -0.224609375
08.656  -0.33203125
08.661  -0.44921875
08.665  -0.556640625
08.670  -0.693359375
08.675  -0.83984375
08.680  -0.9765625
08.685  -1.09375
08.690  -1.259765625
08.695  -1.435546875
08.700  -1.62109375
08.705  -1.796875
08.710  -2.001953125
08.715  -2.236328125
08.719  -2.48046875
08.724  -2.705078125
08.729  -2.96875
08.735  -3.2421875
08.740  -3.515625
08.745  -3.7890625
08.749  -4.091796875
08.754  -4.423828125
08.758  -4.765625
08.763  -5.0
08.767  -5.0
08.771  -5.0
08.774  -5.0
08.779  -5.0
08.783  -5.0
08.787  -5.0
08.791  -5.0
08.794  -5.0
08.798  -5.0
08.802  -5.0
08.806  -5.0
08.810  -5.0
08.813  -5.0
08.817  -5.0
08.822  -5.0
08.826  -5.0
08.830  -5.0
08.833  -5.0
08.837  -5.0
08.841  -5.0
08.845  -5.0
08.849  -5.0
08.852  -5.0
08.856  -5.0
08.860  -5.0
08.865  -5.0
08.869  -5.0
08.873  -5.0
08.876  -5.0
08.880  -5.0
08.884  -5.0
08.888  -5.0
08.892  -5.0
08.895  -5.0
08.899  -5.0
08.903  -5.0
08.908  -5.0
08.912  -5.0
08.915  -5.0
08.919  -5.0
08.923  -5.0
08.927  -5.0
08.931  -5.0
08.934  -5.0
08.938  -5.0
08.942  -5.0
08.946  -5.0
08.951  -5.0
08.955  -5.0
08.958  -5.0
08.962  -5.0
08.966  -5.0
08.970  -5.0
08.974  -5.0
08.977  -5.0
08.981  -5.0
08.985  -5.0
08.990  -5.0
08.994  -5.0
08.997  -5.0
09.001  -5.0
09.005  -5.0
09.009  -5.0
09.013  -5.0
09.016  -5.0
09.020  -5.0
09.024  -5.0
09.028  -5.0
09.033  -5.0
09.036  -5.0
09.040  -5.0
09.044  -5.0
09.048  -5.0
09.052  -5.0
09.056  -5.0
09.059  -5.0
09.063  -5.0
09.067  -5.0
09.071  -5.0
09.076  -5.0
09.079  -5.0
09.083  -5.0
09.087  -5.0
09.091  -5.0
09.095  -5.0
09.098  -5.0
09.102  -5.0
09.106  -5.0
09.110  -5.0
09.114  -5.0
09.118  -5.0
09.122  -5.0
09.126  -5.0
09.130  -5.0
09.134  -5.0
09.138  -5.0
09.141  -5.0
09.145  -5.0
09.149  -5.0
09.153  -5.0
09.157  -5.0
09.161  -5.0
09.165  -5.0
09.169  -5.0
09.173  -5.0
09.177  -5.0
09.180  -5.0
09.184  -5.0
09.188  -5.0
09.192  -5.0
09.196  -5.0
09.199  -5.0
09.204  -5.0
09.208  -5.0
09.212  -5.0
09.216  -5.0
09.219  -5.0
09.223  -5.0
09.227  -5.0
09.231  -5.0
09.235  -5.0
09.239  -5.0
09.242  -5.0
09.247  -5.0
09.251  -5.0
09.255  -5.0
09.259  -5.0
09.262  -5.0
09.266  -5.0
09.270  -5.0
09.274  -5.0
09.278  -5.0
09.281  -5.0
09.285  -5.0
09.290  -5.0
09.294  -5.0
09.298  -5.0
09.301  -5.0
09.305  -5.0
09.309  -5.0
09.313  -5.0
09.317  -5.0
09.321  -5.0
09.324  -5.0
09.328  -5.0
09.333  -5.0
09.337  -5.0
09.341  -5.0
09.344  -5.0
09.348  -5.0
09.352  -5.0
09.356  -5.0
09.360  -5.0
09.363  -5.0
09.367  -5.0
09.371  -5.0
09.376  -5.0
09.380  -5.0
09.383  -5.0
09.387  -5.0
09.391  -5.0
09.395  -5.0
09.399  -5.0
09.402  -4.98046875
09.406  -4.931640625
09.410  -4.86328125
09.414  -4.78515625
09.420  -4.697265625
09.424  -4.599609375
09.428  -4.501953125
09.433  -4.43359375
09.437  -4.365234375
09.441  -4.287109375
09.446  -4.208984375
09.450  -4.140625
09.454  -4.091796875
09.460  -4.0234375
09.464  -3.935546875
09.469  -3.857421875
09.474  -3.798828125
09.479  -3.73046875
09.483  -3.662109375
09.488  -3.59375
09.493  -3.544921875
09.498  -3.486328125
09.504  -3.41796875
09.509  -3.359375
09.513  -3.3203125
09.518  -3.28125
09.523  -3.212890625
09.528  -3.1640625
09.533  -3.134765625
09.538  -3.10546875
09.542  -3.046875
09.548  -3.0078125
09.553  -2.98828125
09.558  -2.96875
09.563  -2.900390625
09.567  -2.861328125
09.572  -2.822265625
09.577  -2.7734375
09.582  -2.6953125
09.588  -2.626953125
09.593  -2.548828125
09.597  -2.44140625
09.602  -2.28515625
09.607  -2.08984375
09.612  -1.89453125
09.617  -1.669921875
09.622  -1.42578125
09.626  -1.181640625
09.632  -0.95703125
09.637  -0.751953125
09.642  -0.537109375
09.647  -0.33203125
09.651  -0.166015625
09.656  0.0
09.661  0.166015625
09.666  0.322265625
09.671  0.458984375
09.677  0.56640625
09.681  0.68359375
09.686  0.80078125
09.691  0.87890625
09.696  0.927734375
09.701  0.9765625
09.706  1.005859375
09.710  1.005859375
09.716  0.986328125
09.721  0.9765625
09.726  0.966796875
09.731  0.947265625
09.735  0.8984375
09.740  0.87890625
09.745  0.869140625
09.750  0.83984375
09.755  0.791015625
09.761  0.76171875
09.765  0.7421875
09.770  0.703125
09.775  0.64453125
09.780  0.60546875
09.785  0.576171875
09.790  0.546875
09.794  0.498046875
09.799  0.46875
09.805  0.44921875
09.810  0.419921875
09.820  0.322265625
