-00.000  -1.064453125
00.004  -1.1328125
00.009  -1.171875
00.015  -1.2109375
00.020  -1.2890625
00.025  -1.337890625
00.030  -1.34765625
00.034  -1.3671875
00.039  -1.42578125
00.044  -1.455078125
00.049  -1.4453125
00.055  -1.435546875
00.059  -1.46484375
00.064  -1.455078125
00.069  -1.4453125
00.074  -1.40625
00.079  -1.42578125
00.084  -1.40625
00.088  -1.38671875
00.093  -1.337890625
00.099  -1.34765625
00.104  -1.337890625
00.109  -1.30859375
00.114  -1.26953125
00.118  -1.26953125
00.123  -1.279296875
00.128  -1.25
00.133  -1.220703125
00.138  -1.23046875
00.143  -1.25
00.148  -1.23046875
00.153  -1.220703125
00.158  -1.240234375
00.163  -1.259765625
00.168  -1.26953125
00.172  -1.25
00.177  -1.2890625
00.183  -1.318359375
00.188  -1.337890625
00.193  -1.328125
00.198  -1.3671875
00.202  -1.416015625
00.207  -1.435546875
00.212  -1.4453125
00.217  -1.484375
00.222  -1.533203125
00.227  -1.572265625
00.232  -1.572265625
00.237  -1.62109375
00.242  -1.6796875
00.247  -1.708984375
00.252  -1.728515625
00.256  -1.767578125
00.261  -1.826171875
00.266  -1.85546875
00.272  -1.875
00.277  -1.9140625
00.282  -1.97265625
00.286  -2.01171875
00.291  -2.021484375
00.296  -2.05078125
00.301  -2.119140625
00.306  -2.1484375
00.311  -2.158203125
00.316  -2.197265625
00.321  -2.255859375
00.326  -2.275390625
00.331  -2.28515625
00.336  -2.314453125
00.340  -2.36328125
00.345  -2.392578125
00.350  -2.392578125
00.356  -2.40234375
00.361  -2.431640625
00.366  -2.431640625
00.370  -2.373046875
00.375  -2.333984375
00.380  -2.28515625
00.385  -2.20703125
00.390  -2.080078125
00.396  -1.97265625
00.400  -1.884765625
00.405  -1.767578125
00.410  -1.630859375
00.415  -1.50390625
00.420  -1.416015625
00.424  -1.30859375
00.429  -1.19140625
00.434  -1.07421875
00.440  -1.005859375
00.445  -0.91796875
00.450  -0.8203125
00.454  -0.732421875
00.459  -0.693359375
00.464  -0.634765625
00.469  -0.56640625
00.474  -0.498046875
00.479  -0.498046875
00.484  -0.458984375
00.489  -0.4296875
00.494  -0.380859375
00.499  -0.400390625
00.504  -0.400390625
00.508  -0.390625
00.513  -0.37109375
00.518  -0.41015625
00.524  -0.439453125
00.529  -0.44921875
00.534  -0.439453125
00.538  -0.498046875
00.543  -0.546875
00.548  -0.576171875
00.553  -0.5859375
00.558  -0.6640625
00.563  -0.72265625
00.568  -0.771484375
00.573  -0.791015625
00.578  -0.869140625
00.583  -0.9375
00.588  -0.99609375
00.592  -1.03515625
00.597  -1.11328125
00.602  -1.181640625
00.607  -1.240234375
00.613  -1.259765625
00.618  -1.328125
00.622  -1.396484375
00.627  -1.435546875
00.632  -1.435546875
00.637  -1.484375
00.642  -1.533203125
00.647  -1.54296875
00.652  -1.533203125
00.657  -1.552734375
00.662  -1.572265625
00.667  -1.5625
00.672  -1.5234375
00.676  -1.5234375
00.681  -1.533203125
00.686  -1.513671875
00.691  -1.455078125
00.697  -1.455078125
00.702  -1.4453125
00.706  -1.435546875
00.711  -1.38671875
00.716  -1.376953125
00.721  -1.376953125
00.726  -1.376953125
00.731  -1.337890625
00.735  -1.328125
00.741  -1.34765625
00.746  -1.34765625
00.751  -1.318359375
00.756  -1.318359375
00.761  -1.34765625
00.765  -1.357421875
00.770  -1.337890625
00.775  -1.34765625
00.781  -1.38671875
00.786  -1.40625
00.790  -1.396484375
00.795  -1.40625
00.800  -1.46484375
00.805  -1.484375
00.810  -1.494140625
00.815  -1.50390625
00.819  -1.572265625
00.825  -1.6015625
00.830  -1.611328125
00.835  -1.630859375
00.840  -1.689453125
00.845  -1.728515625
00.849  -1.748046875
00.854  -1.767578125
00.859  -1.826171875
00.864  -1.875
00.870  -1.884765625
00.874  -1.9140625
00.879  -1.982421875
00.884  -2.021484375
00.889  -2.03125
00.894  -2.05078125
00.899  -2.119140625
00.903  -2.158203125
00.909  -2.177734375
00.914  -2.1875
00.919  -2.24609375
00.924  -2.28515625
00.929  -2.314453125
00.933  -2.314453125
00.938  -2.373046875
00.943  -2.40234375
00.948  -2.421875
00.954  -2.421875
00.958  -2.470703125
00.963  -2.509765625
00.968  -2.51953125
00.973  -2.5
00.978  -2.529296875
00.983  -2.51953125
00.987  -2.48046875
00.992  -2.40234375
00.998  -2.34375
01.003  -2.28515625
01.008  -2.16796875
01.013  -2.041015625
01.017  -1.943359375
01.022  -1.845703125
01.027  -1.708984375
01.032  -1.572265625
01.038  -1.474609375
01.042  -1.38671875
01.047  -1.26953125
01.052  -1.142578125
01.057  -1.0546875
01.062  -0.99609375
01.067  -0.908203125
01.071  -0.810546875
01.076  -0.751953125
01.082  -0.712890625
01.087  -0.6640625
01.092  -0.5859375
01.097  -0.556640625
01.101  -0.556640625
01.106  -0.517578125
01.111  -0.478515625
01.116  -0.46875
01.122  -0.48828125
01.126  -0.48828125
01.131  -0.478515625
01.136  -0.478515625
01.141  -0.52734375
01.146  -0.546875
01.151  -0.556640625
01.155  -0.5859375
01.160  -0.64453125
01.166  -0.673828125
01.171  -0.703125
01.176  -0.751953125
01.181  -0.830078125
01.185  -0.87890625
01.190  -0.908203125
01.195  -0.95703125
01.200  -1.0546875
01.205  -1.11328125
01.211  -1.142578125
01.215  -1.19140625
01.220  -1.279296875
01.225  -1.328125
01.230  -1.357421875
01.235  -1.396484375
01.239  -1.46484375
01.244  -1.50390625
01.250  -1.513671875
01.260  -1.572265625
01.265  -1.58203125
01.269  -1.572265625
01.274  -1.552734375
01.279  -1.58203125
01.284  -1.572265625
01.289  -1.54296875
01.295  -1.513671875
01.299  -1.5234375
01.304  -1.494140625
01.309  -1.46484375
01.314  -1.42578125
01.319  -1.435546875
01.323  -1.416015625
01.328  -1.38671875
01.333  -1.337890625
01.339  -1.357421875
01.344  -1.34765625
01.349  -1.328125
01.353  -1.298828125
01.358  -1.318359375
01.363  -1.318359375
01.368  -1.30859375
01.373  -1.26953125
01.379  -1.30859375
01.383  -1.328125
01.388  -1.328125
01.393  -1.30859375
01.398  -1.357421875
01.403  -1.376953125
01.407  -1.396484375
01.412  -1.38671875
01.417  -1.435546875
01.423  -1.474609375
01.428  -1.484375
01.433  -1.494140625
01.437  -1.533203125
01.442  -1.58203125
01.447  -1.611328125
01.452  -1.611328125
01.457  -1.669921875
01.463  -1.71875
01.467  -1.748046875
01.472  -1.73828125
01.477  -1.796875
01.482  -1.85546875
01.487  -1.884765625
01.491  -1.89453125
01.496  -1.93359375
01.501  -1.9921875
01.507  -2.03125
01.512  -2.03125
01.517  -2.0703125
01.521  -2.12890625
01.526  -2.158203125
01.531  -2.16796875
01.536  -2.197265625
01.541  -2.255859375
01.546  -2.28515625
01.551  -2.28515625
01.556  -2.32421875
01.561  -2.373046875
01.566  -2.40234375
01.571  -2.40234375
01.575  -2.431640625
01.580  -2.470703125
01.585  -2.490234375
01.591  -2.470703125
01.596  -2.451171875
01.601  -2.451171875
01.605  -2.40234375
01.610  -2.314453125
01.615  -2.2265625
01.620  -2.158203125
01.625  -2.0703125
01.630  -1.93359375
01.635  -1.81640625
01.640  -1.728515625
01.645  -1.62109375
01.650  -1.494140625
01.655  -1.38671875
01.660  -1.30859375
01.664  -1.2109375
01.669  -1.103515625
01.674  -1.005859375
01.680  -0.95703125
01.685  -0.888671875
01.689  -0.80078125
01.694  -0.732421875
01.699  -0.712890625
01.704  -0.6640625
01.709  -0.615234375
01.714  -0.56640625
01.719  -0.56640625
01.724  -0.556640625
01.729  -0.517578125
01.734  -0.498046875
01.739  -0.52734375
01.744  -0.537109375
01.748  -0.52734375
01.753  -0.52734375
01.758  -0.576171875
01.764  -0.615234375
01.769  -0.634765625
01.773  -0.64453125
01.778  -0.703125
01.783  -0.751953125
01.788  -0.791015625
01.793  -0.8203125
01.798  -0.888671875
01.802  -0.95703125
01.808  -0.99609375
01.813  -1.025390625
01.818  -1.11328125
01.823  -1.181640625
01.828  -1.23046875
01.832  -1.259765625
01.837  -1.337890625
01.842  -1.396484375
01.848  -1.435546875
01.853  -1.455078125
01.857  -1.50390625
01.862  -1.552734375
01.867  -1.572265625
01.872  -1.5625
01.877  -1.591796875
01.882  -1.62109375
01.886  -1.611328125
01.892  -1.572265625
01.897  -1.58203125
01.902  -1.591796875
01.907  -1.5625
01.912  -1.5234375
01.916  -1.50390625
01.921  -1.513671875
01.926  -1.494140625
01.932  -1.4453125
01.937  -1.435546875
01.941  -1.4453125
01.946  -1.416015625
01.951  -1.376953125
01.956  -1.376953125
01.961  -1.38671875
01.966  -1.376953125
01.970  -1.34765625
01.976  -1.34765625
01.981  -1.3671875
01.986  -1.376953125
01.991  -1.34765625
01.996  -1.357421875
02.000  -1.396484375
02.005  -1.416015625
02.010  -1.396484375
02.015  -1.416015625
02.021  -1.46484375
02.026  -1.484375
02.030  -1.494140625
02.035  -1.50390625
02.040  -1.5625
02.045  -1.591796875
02.050  -1.6015625
02.054  -1.62109375
02.060  -1.69921875
02.065  -1.728515625
02.070  -1.73828125
02.075  -1.767578125
02.080  -1.8359375
02.084  -1.865234375
02.089  -1.884765625
02.094  -1.904296875
02.099  -1.982421875
02.105  -2.01171875
02.110  -2.03125
02.114  -2.05078125
02.119  -2.119140625
02.124  -2.158203125
02.129  -2.177734375
02.134  -2.1875
02.138  -2.255859375
02.143  -2.294921875
02.149  -2.3046875
02.154  -2.32421875
02.159  -2.373046875
02.164  -2.412109375
02.168  -2.431640625
02.173  -2.44140625
02.178  -2.5
02.183  -2.529296875
02.189  -2.548828125
02.194  -2.5390625
02.198  -2.59765625
02.203  -2.626953125
02.208  -2.63671875
02.213  -2.626953125
02.218  -2.65625
02.222  -2.646484375
02.227  -2.6171875
02.233  -2.5390625
02.238  -2.490234375
02.243  -2.421875
02.248  -2.314453125
02.252  -2.177734375
02.257  -2.08984375
02.262  -1.982421875
02.267  -1.865234375
02.272  -1.71875
02.278  -1.62109375
02.282  -1.533203125
02.287  -1.416015625
02.292  -1.2890625
02.297  -1.201171875
02.302  -1.1328125
02.306  -1.044921875
02.311  -0.9375
02.317  -0.888671875
02.322  -0.83984375
02.327  -0.78125
02.332  -0.703125
02.336  -0.673828125
02.341  -0.654296875
02.346  -0.625
02.351  -0.56640625
02.356  -0.56640625
02.362  -0.56640625
02.366  -0.56640625
02.371  -0.546875
02.376  -0.556640625
02.381  -0.595703125
02.386  -0.60546875
02.390  -0.595703125
02.395  -0.625
02.400  -0.68359375
02.406  -0.712890625
02.411  -0.72265625
02.416  -0.76171875
02.420  -0.83984375
02.425  -0.87890625
02.430  -0.8984375
02.435  -0.947265625
02.440  -1.03515625
02.446  -1.083984375
02.450  -1.11328125
02.455  -1.162109375
02.460  -1.240234375
02.465  -1.2890625
02.470  -1.318359375
02.475  -1.357421875
02.479  -1.42578125
02.484  -1.46484375
02.490  -1.474609375
02.495  -1.494140625
02.500  -1.533203125
02.504  -1.5625
02.509  -1.54296875
02.514  -1.54296875
02.519  -1.5625
02.524  -1.5625
02.530  -1.533203125
02.534  -1.513671875
02.539  -1.533203125
02.544  -1.513671875
02.549  -1.484375
02.554  -1.4453125
02.559  -1.455078125
02.563  -1.4453125
02.568  -1.416015625
02.574  -1.376953125
02.579  -1.396484375
02.584  -1.38671875
02.588  -1.3671875
02.593  -1.328125
02.598  -1.357421875
02.603  -1.357421875
02.608  -1.34765625
02.613  -1.328125
02.618  -1.357421875
02.623  -1.3671875
02.628  -1.3671875
02.633  -1.357421875
02.638  -1.38671875
02.643  -1.416015625
02.647  -1.42578125
02.652  -1.416015625
02.658  -1.46484375
02.663  -1.50390625
02.668  -1.513671875
02.672  -1.5234375
02.677  -1.572265625
02.682  -1.62109375
02.687  -1.630859375
02.692  -1.640625
02.697  -1.69921875
02.702  -1.748046875
02.707  -1.77734375
02.712  -1.787109375
02.717  -1.8359375
02.722  -1.89453125
02.727  -1.923828125
02.731  -1.93359375
02.736  -1.982421875
02.741  -2.03125
02.747  -2.060546875
02.752  -2.0703125
02.756  -2.119140625
02.761  -2.177734375
02.766  -2.20703125
02.771  -2.216796875
02.776  -2.24609375
02.781  -2.3046875
02.786  -2.333984375
02.791  -2.34375
02.796  -2.373046875
02.801  -2.431640625
02.806  -2.451171875
02.811  -2.4609375
02.815  -2.48046875
02.820  -2.5390625
02.825  -2.55859375
02.831  -2.568359375
02.836  -2.578125
02.840  -2.63671875
02.845  -2.65625
02.850  -2.646484375
02.855  -2.65625
02.860  -2.685546875
02.865  -2.685546875
02.869  -2.626953125
02.875  -2.578125
02.880  -2.548828125
02.885  -2.4609375
02.890  -2.34375
02.895  -2.236328125
02.899  -2.1484375
02.904  -2.03125
02.909  -1.89453125
02.915  -1.7578125
02.920  -1.6796875
02.925  -1.572265625
02.929  -1.4453125
02.934  -1.318359375
02.939  -1.259765625
02.944  -1.15234375
02.949  -1.0546875
02.953  -0.95703125
02.959  -0.927734375
02.964  -0.849609375
02.969  -0.78125
02.974  -0.703125
02.979  -0.693359375
02.983  -0.654296875
02.988  -0.615234375
02.993  -0.56640625
02.999  -0.576171875
03.004  -0.56640625
03.009  -0.546875
03.013  -0.52734375
03.018  -0.556640625
03.023  -0.576171875
03.028  -0.5859375
03.033  -0.576171875
03.037  -0.625
03.043  -0.6640625
03.048  -0.693359375
03.053  -0.703125
03.058  -0.771484375
03.063  -0.8203125
03.067  -0.859375
03.072  -0.87890625
03.077  -0.95703125
03.082  -1.015625
03.088  -1.07421875
03.093  -1.103515625
03.097  -1.181640625
03.102  -1.240234375
03.107  -1.2890625
03.112  -1.30859375
03.117  -1.376953125
03.121  -1.4453125
03.127  -1.484375
03.132  -1.484375
03.137  -1.533203125
03.142  -1.572265625
03.147  -1.591796875
03.151  -1.572265625
03.156  -1.591796875
03.161  -1.611328125
03.166  -1.6015625
03.172  -1.572265625
03.177  -1.5625
03.181  -1.572265625
03.186  -1.5625
03.191  -1.513671875
03.196  -1.50390625
03.201  -1.50390625
03.205  -1.474609375
03.210  -1.435546875
03.216  -1.416015625
03.221  -1.416015625
03.226  -1.416015625
03.231  -1.3671875
03.235  -1.357421875
03.240  -1.376953125
03.245  -1.376953125
03.250  -1.337890625
03.256  -1.337890625
03.261  -1.357421875
03.265  -1.3671875
03.270  -1.34765625
03.275  -1.357421875
03.280  -1.396484375
03.285  -1.40625
03.290  -1.40625
03.294  -1.416015625
03.300  -1.46484375
03.305  -1.484375
03.310  -1.484375
03.315  -1.50390625
03.319  -1.5625
03.324  -1.591796875
03.329  -1.611328125
03.334  -1.630859375
03.340  -1.689453125
03.345  -1.728515625
03.349  -1.748046875
03.354  -1.767578125
03.359  -1.8359375
03.364  -1.875
03.369  -1.89453125
03.374  -1.9140625
03.378  -1.982421875
03.384  -2.03125
03.389  -2.041015625
03.394  -2.0703125
03.399  -2.12890625
03.403  -2.16796875
03.408  -2.1875
03.413  -2.20703125
03.418  -2.265625
03.423  -2.3046875
03.429  -2.32421875
03.433  -2.34375
03.438  -2.392578125
03.443  -2.431640625
03.448  -2.451171875
03.453  -2.451171875
03.458  -2.509765625
03.462  -2.5390625
03.468  -2.55859375
03.473  -2.55859375
03.478  -2.607421875
03.483  -2.63671875
03.487  -2.65625
03.492  -2.646484375
03.497  -2.6953125
03.502  -2.724609375
03.507  -2.724609375
03.513  -2.71484375
03.517  -2.724609375
03.522  -2.734375
03.527  -2.685546875
03.532  -2.6171875
03.537  -2.55859375
03.542  -2.5
03.546  -2.3828125
03.551  -2.255859375
03.557  -2.1484375
03.562  -2.05078125
03.567  -1.923828125
03.571  -1.77734375
03.576  -1.669921875
03.581  -1.58203125
03.586  -1.46484375
03.591  -1.328125
03.597  -1.240234375
03.601  -1.171875
03.606  -1.083984375
03.611  -0.9765625
03.616  -0.8984375
03.621  -0.859375
03.626  -0.810546875
03.630  -0.732421875
03.635  -0.68359375
03.641  -0.68359375
03.646  -0.654296875
03.651  -0.595703125
03.655  -0.5859375
03.660  -0.60546875
03.665  -0.595703125
03.670  -0.576171875
03.675  -0.5859375
03.680  -0.625
03.685  -0.64453125
03.690  -0.64453125
03.695  -0.6640625
03.700  -0.732421875
03.705  -0.771484375
03.710  -0.791015625
03.714  -0.830078125
03.719  -0.908203125
03.725  -0.95703125
03.730  -0.99609375
03.735  -1.044921875
03.740  -1.142578125
03.744  -1.201171875
03.749  -1.25
03.754  -1.298828125
03.759  -1.396484375
03.764  -1.4453125
03.769  -1.484375
03.774  -1.5234375
03.779  -1.6015625
03.784  -1.640625
03.789  -1.66015625
03.794  -1.6796875
03.798  -1.728515625
03.803  -1.748046875
03.808  -1.73828125
03.814  -1.71875
03.819  -1.748046875
03.824  -1.73828125
03.828  -1.708984375
03.833  -1.669921875
03.838  -1.6796875
03.843  -1.66015625
03.848  -1.630859375
03.853  -1.572265625
03.858  -1.572265625
03.863  -1.54296875
03.868  -1.5234375
03.873  -1.474609375
03.878  -1.474609375
03.882  -1.46484375
03.887  -1.4453125
03.892  -1.396484375
03.898  -1.416015625
03.903  -1.416015625
03.908  -1.40625
03.912  -1.376953125
03.917  -1.396484375
03.922  -1.416015625
03.927  -1.40625
03.932  -1.38671875
03.936  -1.42578125
03.942  -1.4453125
03.947  -1.455078125
03.952  -1.4453125
03.957  -1.484375
03.962  -1.5234375
03.966  -1.552734375
03.971  -1.533203125
03.976  -1.591796875
03.982  -1.640625
03.987  -1.669921875
03.992  -1.669921875
03.996  -1.71875
04.001  -1.77734375
04.006  -1.806640625
04.011  -1.806640625
04.016  -1.865234375
04.020  -1.9140625
04.026  -1.953125
04.031  -1.962890625
04.036  -2.001953125
04.041  -2.0703125
04.046  -2.099609375
04.050  -2.119140625
04.055  -2.1484375
04.060  -2.216796875
04.066  -2.24609375
04.071  -2.24609375
04.076  -2.28515625
04.080  -2.34375
04.085  -2.3828125
04.090  -2.3828125
04.095  -2.421875
04.100  -2.470703125
04.104  -2.5
04.110  -2.5
04.115  -2.529296875
04.120  -2.578125
04.125  -2.6171875
04.130  -2.607421875
04.134  -2.63671875
04.139  -2.67578125
04.144  -2.705078125
04.149  -2.6953125
04.155  -2.705078125
04.160  -2.724609375
04.164  -2.71484375
04.169  -2.65625
04.174  -2.59765625
04.179  -2.55859375
04.184  -2.470703125
04.189  -2.34375
04.194  -2.216796875
04.199  -2.138671875
04.204  -2.01171875
04.209  -1.875
04.214  -1.748046875
04.218  -1.66015625
04.223  -1.54296875
04.228  -1.42578125
04.233  -1.298828125
04.239  -1.23046875
04.244  -1.142578125
04.248  -1.03515625
04.253  -0.947265625
04.258  -0.8984375
04.263  -0.83984375
04.268  -0.78125
04.273  -0.703125
04.277  -0.68359375
04.283  -0.6640625
04.288  -0.625
04.293  -0.5859375
04.298  -0.5859375
04.302  -0.5859375
04.307  -0.576171875
04.312  -0.556640625
04.317  -0.5859375
04.323  -0.615234375
04.328  -0.625
04.332  -0.625
04.337  -0.673828125
04.342  -0.72265625
04.347  -0.76171875
04.352  -0.771484375
04.357  -0.830078125
04.361  -0.908203125
04.367  -0.95703125
04.372  -0.9765625
04.377  -1.064453125
04.382  -1.142578125
04.386  -1.19140625
04.391  -1.23046875
04.396  -1.30859375
04.401  -1.38671875
04.407  -1.435546875
04.412  -1.46484375
04.416  -1.5234375
04.421  -1.6015625
04.426  -1.630859375
04.431  -1.640625
04.436  -1.6796875
04.441  -1.728515625
04.445  -1.73828125
04.451  -1.728515625
04.456  -1.728515625
04.461  -1.7578125
04.466  -1.73828125
04.470  -1.708984375
04.475  -1.689453125
04.480  -1.69921875
04.485  -1.6796875
04.490  -1.62109375
04.496  -1.6015625
04.500  -1.611328125
04.505  -1.572265625
04.510  -1.533203125
04.515  -1.513671875
04.520  -1.5234375
04.525  -1.50390625
04.529  -1.46484375
04.535  -1.4453125
04.540  -1.46484375
04.545  -1.455078125
04.550  -1.42578125
04.555  -1.416015625
04.559  -1.455078125
04.564  -1.455078125
04.569  -1.4453125
04.574  -1.4453125
04.580  -1.484375
04.584  -1.494140625
04.589  -1.50390625
04.594  -1.50390625
04.599  -1.5625
04.604  -1.58203125
04.609  -1.591796875
04.613  -1.6015625
04.618  -1.669921875
04.624  -1.708984375
04.629  -1.71875
04.634  -1.73828125
04.639  -1.806640625
04.643  -1.845703125
04.648  -1.865234375
04.653  -1.89453125
04.658  -1.962890625
04.664  -2.001953125
04.668  -2.03125
04.673  -2.041015625
04.678  -2.119140625
04.683  -2.158203125
04.688  -2.1875
04.693  -2.197265625
04.697  -2.265625
04.702  -2.3046875
04.708  -2.333984375
04.713  -2.34375
04.718  -2.412109375
04.723  -2.431640625
04.727  -2.470703125
04.732  -2.470703125
04.737  -2.529296875
04.742  -2.568359375
04.748  -2.587890625
04.752  -2.587890625
04.757  -2.63671875
04.762  -2.67578125
04.767  -2.6953125
04.772  -2.6953125
04.777  -2.734375
04.781  -2.7734375
04.786  -2.79296875
04.792  -2.783203125
04.797  -2.8125
04.802  -2.841796875
04.807  -2.841796875
04.811  -2.79296875
04.816  -2.783203125
04.821  -2.763671875
04.826  -2.685546875
04.831  -2.55859375
04.836  -2.48046875
04.841  -2.3828125
04.846  -2.255859375
04.851  -2.099609375
04.856  -1.982421875
04.861  -1.875
04.865  -1.748046875
04.870  -1.591796875
04.876  -1.494140625
04.881  -1.396484375
04.886  -1.2890625
04.891  -1.15234375
04.895  -1.07421875
04.900  -1.005859375
04.905  -0.9375
04.910  -0.830078125
04.915  -0.771484375
04.920  -0.7421875
04.925  -0.68359375
04.930  -0.625
04.935  -0.5859375
04.940  -0.5859375
04.945  -0.556640625
04.949  -0.52734375
04.954  -0.517578125
04.959  -0.537109375
04.965  -0.537109375
04.970  -0.52734375
04.975  -0.537109375
04.979  -0.5859375
04.984  -0.615234375
04.989  -0.625
04.994  -0.64453125
04.999  -0.712890625
05.005  -0.76171875
05.009  -0.78125
05.014  -0.830078125
05.019  -0.908203125
05.024  -0.966796875
05.029  -0.99609375
05.033  -1.044921875
05.038  -1.1328125
05.043  -1.201171875
05.049  -1.240234375
05.054  -1.279296875
05.059  -1.3671875
05.063  -1.42578125
05.068  -1.46484375
05.073  -1.494140625
05.078  -1.5625
05.083  -1.6015625
05.088  -1.611328125
05.093  -1.62109375
05.098  -1.66015625
05.103  -1.669921875
05.108  -1.669921875
05.113  -1.640625
05.117  -1.669921875
05.122  -1.66015625
05.127  -1.630859375
05.133  -1.58203125
05.138  -1.58203125
05.143  -1.58203125
05.147  -1.54296875
05.152  -1.50390625
05.157  -1.50390625
05.162  -1.494140625
05.167  -1.455078125
05.172  -1.416015625
05.177  -1.416015625
05.182  -1.416015625
05.187  -1.396484375
05.192  -1.3671875
05.197  -1.376953125
05.201  -1.38671875
05.206  -1.376953125
05.211  -1.34765625
05.216  -1.376953125
05.222  -1.396484375
05.227  -1.40625
05.231  -1.376953125
05.236  -1.416015625
05.241  -1.455078125
05.246  -1.46484375
05.251  -1.455078125
05.256  -1.50390625
05.261  -1.54296875
05.266  -1.5625
05.271  -1.572265625
05.276  -1.611328125
05.281  -1.669921875
05.285  -1.69921875
05.290  -1.708984375
05.295  -1.7578125
05.300  -1.81640625
05.306  -1.8359375
05.311  -1.865234375
05.315  -1.904296875
05.320  -1.97265625
05.325  -2.001953125
05.330  -2.021484375
05.335  -2.05078125
05.340  -2.12890625
05.344  -2.158203125
05.350  -2.16796875
05.355  -2.20703125
05.360  -2.275390625
05.365  -2.3046875
05.369  -2.314453125
05.374  -2.353515625
05.379  -2.412109375
05.384  -2.44140625
05.390  -2.451171875
05.395  -2.490234375
05.399  -2.5390625
05.404  -2.568359375
05.409  -2.578125
05.414  -2.59765625
05.419  -2.65625
05.424  -2.685546875
05.428  -2.685546875
05.434  -2.705078125
05.439  -2.75390625
05.444  -2.763671875
05.449  -2.7734375
05.454  -2.763671875
05.458  -2.783203125
05.463  -2.75390625
05.468  -2.6953125
05.474  -2.607421875
05.479  -2.55859375
05.483  -2.451171875
05.488  -2.32421875
05.493  -2.177734375
05.498  -2.08984375
05.503  -1.962890625
05.508  -1.81640625
05.512  -1.6796875
05.518  -1.591796875
05.523  -1.474609375
05.528  -1.357421875
05.533  -1.23046875
05.538  -1.15234375
05.542  -1.07421875
05.547  -0.9765625
05.552  -0.869140625
05.557  -0.830078125
05.563  -0.771484375
05.567  -0.703125
05.572  -0.634765625
05.577  -0.625
05.582  -0.595703125
05.587  -0.56640625
05.592  -0.517578125
05.596  -0.52734375
05.602  -0.537109375
05.607  -0.52734375
05.612  -0.498046875
05.617  -0.537109375
05.622  -0.56640625
05.626  -0.5859375
05.631  -0.5859375
05.636  -0.634765625
05.641  -0.68359375
05.647  -0.72265625
05.651  -0.7421875
05.656  -0.810546875
05.661  -0.87890625
05.666  -0.9375
05.671  -0.966796875
05.676  -1.03515625
05.680  -1.123046875
05.685  -1.181640625
05.691  -1.2109375
05.696  -1.279296875
05.701  -1.3671875
05.706  -1.416015625
05.710  -1.4453125
05.715  -1.50390625
05.720  -1.572265625
05.725  -1.611328125
05.731  -1.611328125
05.735  -1.650390625
05.740  -1.69921875
05.745  -1.708984375
05.750  -1.6796875
05.755  -1.689453125
05.760  -1.708984375
05.764  -1.708984375
05.769  -1.66015625
05.775  -1.650390625
05.780  -1.640625
05.785  -1.630859375
05.790  -1.58203125
05.794  -1.552734375
05.799  -1.552734375
05.804  -1.533203125
05.809  -1.494140625
05.815  -1.455078125
05.820  -1.474609375
05.824  -1.455078125
05.829  -1.416015625
05.834  -1.396484375
05.839  -1.416015625
05.844  -1.416015625
05.848  -1.38671875
05.853  -1.396484375
05.864  -1.40625
05.869  -1.38671875
05.874  -1.376953125
05.878  -1.42578125
05.883  -1.435546875
05.888  -1.42578125
05.893  -1.42578125
05.898  -1.474609375
05.904  -1.50390625
05.908  -1.50390625
05.913  -1.513671875
05.918  -1.5625
05.923  -1.6015625
05.928  -1.611328125
05.932  -1.62109375
05.937  -1.6796875
05.943  -1.708984375
05.948  -1.728515625
05.953  -1.728515625
05.958  -1.787109375
05.962  -1.81640625
05.967  -1.8359375
05.972  -1.8359375
05.977  -1.884765625
05.982  -1.904296875
05.988  -1.923828125
05.992  -1.923828125
05.997  -1.962890625
06.002  -1.9921875
06.007  -1.9921875
06.012  -1.9921875
06.016  -2.03125
06.021  -2.060546875
06.026  -2.060546875
06.032  -2.05078125
06.037  -2.080078125
06.042  -2.119140625
06.046  -2.119140625
06.051  -2.109375
06.056  -2.1484375
06.061  -2.1875
06.066  -2.197265625
06.072  -2.1875
06.076  -2.216796875
06.081  -2.24609375
06.086  -2.255859375
06.091  -2.236328125
06.096  -2.265625
06.100  -2.275390625
06.105  -2.24609375
06.110  -2.1875
06.116  -2.138671875
06.121  -2.099609375
06.126  -2.01171875
06.130  -1.884765625
06.135  -1.806640625
06.140  -1.71875
06.145  -1.611328125
06.150  -1.484375
06.156  -1.376953125
06.160  -1.30859375
06.165  -1.2109375
06.170  -1.11328125
06.175  -1.0546875
06.180  -1.044921875
06.184  -1.005859375
06.189  -0.966796875
06.194  -0.95703125
06.200  -1.005859375
06.205  -1.015625
06.210  -1.005859375
06.214  -1.015625
06.219  -1.07421875
06.224  -1.09375
06.229  -1.103515625
06.234  -1.123046875
06.239  -1.19140625
06.244  -1.23046875
06.249  -1.25
06.254  -1.279296875
06.259  -1.357421875
06.264  -1.416015625
06.269  -1.4453125
06.273  -1.494140625
06.278  -1.591796875
06.284  -1.669921875
06.289  -1.728515625
06.294  -1.787109375
06.298  -1.923828125
06.303  -2.001953125
06.308  -2.080078125
06.313  -2.16796875
06.318  -2.294921875
06.323  -2.40234375
06.328  -2.490234375
06.333  -2.568359375
06.338  -2.724609375
06.343  -2.83203125
06.348  -2.9296875
06.353  -3.0078125
06.357  -3.154296875
06.362  -3.271484375
06.367  -3.369140625
06.373  -3.45703125
06.378  -3.603515625
06.382  -3.720703125
06.387  -3.828125
06.392  -3.916015625
06.397  -4.0625
06.402  -4.1796875
06.406  -4.267578125
06.410  -4.3359375
06.415  -4.443359375
06.420  -4.580078125
06.424  -4.677734375
06.428  -4.755859375
06.433  -4.84375
06.437  -4.970703125
06.441  -5.0
06.445  -5.0
06.449  -5.0
06.453  -5.0
06.457  -5.0
06.461  -5.0
06.465  -5.0
06.469  -5.0
06.473  -5.0
06.476  -5.0
06.480  -5.0
06.484  -5.0
06.488  -5.0
06.492  -5.0
06.495  -5.0
06.500  -5.0
06.504  -5.0
06.508  -5.0
06.512  -5.0
06.515  -5.0
06.519  -5.0
06.523  -5.0
06.527  -5.0
06.531  -5.0
06.535  -5.0
06.538  -5.0
06.543  -5.0
06.547  -5.0
06.551  -5.0
06.555  -5.0
06.558  -5.0
06.562  -5.0
06.566  -5.0
06.570  -5.0
06.574  -5.0
06.577  -5.0
06.581  -5.0
06.586  -5.0
06.590  -5.0
06.594  -5.0
06.597  -5.0
06.601  -5.0
06.605  -5.0
06.609  -5.0
06.613  -5.0
06.616  -5.0
06.620  -5.0
06.624  -5.0
06.629  -5.0
06.633  -5.0
06.637  -5.0
06.640  -5.0
06.644  -5.0
06.648  -5.0
06.652  -5.0
06.656  -5.0
06.659  -5.0
06.663  -5.0
06.668  -5.0
06.672  -5.0
06.676  -5.0
06.679  -5.0
06.683  -5.0
06.687  -5.0
06.691  -5.0
06.695  -5.0
06.698  -5.0
06.702  -5.0
06.706  -5.0
06.711  -5.0
06.715  -5.0
06.719  -5.0
06.722  -5.0
06.726  -5.0
06.730  -5.0
06.734  -5.0
06.738  -5.0
06.741  -5.0
06.745  -5.0
06.749  -5.0
06.754  -5.0
06.758  -5.0
06.761  -5.0
06.765  -5.0
06.769  -5.0
06.773  -5.0
06.777  -5.0
06.780  -5.0
06.784  -5.0
06.788  -5.0
06.792  -5.0
06.797  -5.0
06.800  -5.0
06.804  -5.0
06.808  -5.0
06.812  -5.0
06.816  -5.0
06.820  -5.0
06.823  -5.0
06.827  -5.0
06.831  -5.0
06.835  -5.0
06.840  -5.0
06.843  -5.0
06.847  -5.0
06.851  -5.0
06.855  -5.0
06.859  -5.0
06.862  -5.0
06.866  -5.0
06.870  -5.0
06.874  -5.0
06.878  -5.0
06.882  -5.0
06.886  -5.0
06.890  -5.0
06.894  -5.0
06.898  -5.0
06.902  -5.0
06.905  -5.0
06.909  -5.0
06.913  -5.0
06.917  -5.0
06.921  -5.0
06.925  -5.0
06.929  -5.0
06.933  -5.0
06.937  -5.0
06.941  -5.0
06.944  -5.0
06.948  -5.0
06.952  -5.0
06.956  -5.0
06.960  -5.0
06.963  -5.0
06.968  -5.0
06.972  -5.0
06.976  -5.0
06.980  -5.0
06.983  -5.0
06.987  -5.0
06.991  -5.0
06.995  -5.0
06.999  -5.0
07.003  -5.0
07.006  -5.0
07.011  -5.0
07.015  -5.0
07.019  -5.0
07.023  -5.0
07.026  -5.0
07.030  -5.0
07.034  -5.0
07.038  -5.0
07.042  -5.0
07.045  -5.0
07.049  -5.0
07.054  -5.0
07.058  -5.0
07.062  -5.0
07.065  -5.0
07.069  -5.0
07.073  -4.970703125
07.077  -4.9609375
07.081  -4.931640625
07.085  -4.873046875
07.089  -4.775390625
07.093  -4.697265625
07.098  -4.658203125
07.103  -4.599609375
07.107  -4.541015625
07.111  -4.443359375
07.116  -4.404296875
07.120  -4.365234375
07.124  -4.306640625
07.129  -4.21875
07.133  -4.169921875
07.138  -4.150390625
07.143  -4.12109375
07.147  -4.0625
07.151  -3.994140625
07.156  -3.955078125
07.161  -3.92578125
07.165  -3.88671875
07.170  -3.798828125
07.175  -3.7890625
07.181  -3.759765625
07.186  -3.73046875
07.191  -3.642578125
07.195  -3.623046875
07.200  -3.61328125
07.205  -3.57421875
07.210  -3.515625
07.215  -3.49609375
07.220  -3.486328125
07.225  -3.45703125
07.230  -3.3984375
07.235  -3.37890625
07.240  -3.388671875
07.245  -3.359375
07.249  -3.310546875
07.254  -3.291015625
07.259  -3.30078125
07.264  -3.28125
07.270  -3.232421875
07.275  -3.212890625
07.279  -3.22265625
07.284  -3.212890625
07.289  -3.1640625
07.294  -3.14453125
07.299  -3.1640625
07.304  -3.14453125
07.309  -3.10546875
07.314  -3.0859375
07.319  -3.10546875
07.324  -3.095703125
07.329  -3.056640625
07.334  -3.046875
07.338  -3.056640625
07.343  -3.056640625
07.348  -3.017578125
07.354  -3.0078125
07.359  -3.02734375
07.363  -3.017578125
07.368  -2.978515625
07.373  -2.958984375
07.378  -2.978515625
07.383  -2.96875
07.388  -2.9296875
07.392  -2.890625
07.398  -2.900390625
07.403  -2.87109375
07.408  -2.83203125
07.413  -2.783203125
07.418  -2.79296875
07.422  -2.763671875
07.427  -2.71484375
07.432  -2.666015625
07.438  -2.67578125
07.443  -2.65625
07.447  -2.6171875
07.452  -2.568359375
07.457  -2.568359375
07.462  -2.55859375
07.467  -2.509765625
07.472  -2.4609375
07.476  -2.4609375
07.482  -2.44140625
07.487  -2.40234375
07.492  -2.34375
07.497  -2.333984375
07.502  -2.32421875
07.506  -2.275390625
07.511  -2.216796875
07.516  -2.216796875
07.522  -2.20703125
07.527  -2.16796875
07.531  -2.119140625
07.536  -2.12890625
07.541  -2.119140625
07.546  -2.109375
07.551  -2.0703125
07.556  -2.08984375
07.560  -2.119140625
07.566  -2.119140625
07.571  -2.099609375
07.576  -2.12890625
07.581  -2.177734375
07.586  -2.1875
07.590  -2.1875
07.595  -2.2265625
07.600  -2.275390625
07.605  -2.314453125
07.611  -2.34375
07.615  -2.392578125
07.620  -2.451171875
07.625  -2.470703125
07.630  -2.4609375
07.635  -2.48046875
07.640  -2.509765625
07.644  -2.5
07.650  -2.48046875
07.655  -2.470703125
07.660  -2.490234375
07.665  -2.470703125
07.670  -2.421875
07.674  -2.40234375
07.679  -2.412109375
07.684  -2.373046875
07.689  -2.32421875
07.695  -2.294921875
07.699  -2.294921875
07.704  -2.265625
07.709  -2.20703125
07.714  -2.177734375
07.719  -2.177734375
07.724  -2.158203125
07.728  -2.109375
07.733  -2.08984375
07.739  -2.099609375
07.744  -2.08984375
07.749  -2.060546875
07.754  -2.041015625
07.758  -2.0703125
07.763  -2.060546875
07.768  -2.060546875
07.773  -2.05078125
07.779  -2.08984375
07.784  -2.08984375
07.788  -2.08984375
07.793  -2.08984375
07.798  -2.1484375
07.803  -2.16796875
07.808  -2.16796875
07.812  -2.177734375
07.817  -2.2265625
07.823  -2.255859375
07.828  -2.265625
07.833  -2.275390625
07.838  -2.333984375
07.842  -2.373046875
07.847  -2.3828125
07.852  -2.392578125
07.857  -2.451171875
07.863  -2.48046875
07.868  -2.5
07.872  -2.51953125
07.877  -2.578125
07.882  -2.6171875
07.887  -2.63671875
07.892  -2.646484375
07.896  -2.71484375
07.901  -2.75390625
07.907  -2.7734375
07.912  -2.783203125
07.917  -2.841796875
07.922  -2.87109375
07.926  -2.890625
07.931  -2.880859375
07.936  -2.939453125
07.941  -2.96875
07.946  -2.98828125
07.952  -2.96875
07.956  -3.017578125
07.961  -3.046875
07.966  -3.056640625
07.971  -3.046875
07.976  -3.0859375
07.980  -3.115234375
07.985  -3.115234375
07.991  -3.095703125
07.996  -3.125
08.001  -3.14453125
08.006  -3.154296875
08.010  -3.125
08.015  -3.134765625
08.020  -3.14453125
08.025  -3.125
08.030  -3.056640625
08.036  -3.02734375
08.040  -2.998046875
08.045  -2.9296875
08.050  -2.822265625
08.055  -2.724609375
08.060  -2.607421875
08.064  -2.4609375
08.069  -2.255859375
08.074  -2.080078125
08.080  -1.904296875
08.085  -1.708984375
08.090  -1.474609375
08.094  -1.298828125
08.099  -1.1328125
08.104  -0.966796875
08.109  -0.771484375
08.114  -0.625
08.120  -0.517578125
08.124  -0.390625
08.129  -0.25390625
08.134  -0.15625
08.139  -0.09765625
08.144  -0.029296875
08.149  0.048828125
08.153  0.09765625
08.158  0.09765625
08.164  0.107421875
08.169  0.13671875
08.174  0.13671875
08.178  0.087890625
08.183  0.068359375
08.188  0.05859375
08.193  0.029296875
08.198  -0.029296875
08.204  -0.078125
08.208  -0.09765625
08.213  -0.146484375
08.218  -0.224609375
08.223  -0.2734375
08.228  -0.302734375
08.233  -0.3515625
08.237  -0.4296875
08.242  -0.48828125
08.248  -0.52734375
08.253  -0.56640625
08.258  -0.64453125
08.262  -0.703125
08.267  -0.7421875
08.272  -0.771484375
08.277  -0.83984375
08.282  -0.888671875
08.287  -0.91796875
08.292  -0.927734375
08.297  -0.99609375
08.302  -1.025390625
08.307  -1.03515625
08.312  -1.044921875
08.317  -1.09375
08.321  -1.11328125
08.326  -1.123046875
08.332  -1.103515625
08.337  -1.142578125
08.342  -1.162109375
08.346  -1.162109375
08.351  -1.142578125
08.356  -1.171875
08.361  -1.201171875
08.366  -1.181640625
08.371  -1.162109375
08.376  -1.19140625
08.381  -1.220703125
08.386  -1.220703125
08.391  -1.201171875
08.396  -1.220703125
08.401  -1.259765625
08.405  -1.259765625
08.410  -1.25
08.415  -1.2890625
08.421  -1.318359375
08.426  -1.328125
08.430  -1.318359375
08.435  -1.357421875
08.440  -1.396484375
08.445  -1.416015625
08.450  -1.40625
08.455  -1.4453125
08.460  -1.484375
08.465  -1.513671875
08.470  -1.50390625
08.475  -1.54296875
08.480  -1.591796875
08.485  -1.62109375
08.489  -1.62109375
08.494  -1.650390625
08.499  -1.69921875
08.505  -1.728515625
08.510  -1.728515625
08.514  -1.7578125
08.519  -1.81640625
08.524  -1.826171875
08.529  -1.826171875
08.534  -1.85546875
08.539  -1.9140625
08.543  -1.93359375
08.549  -1.93359375
08.554  -1.953125
08.559  -2.001953125
08.564  -2.021484375
08.569  -2.01171875
08.573  -2.03125
08.578  -2.080078125
08.583  -2.08984375
08.589  -2.080078125
08.594  -2.08984375
08.599  -2.119140625
08.603  -2.12890625
08.608  -2.109375
08.613  -2.099609375
08.618  -2.12890625
08.623  -2.119140625
08.627  -2.08984375
08.633  -2.060546875
08.638  -2.080078125
08.643  -2.05078125
08.648  -2.01171875
08.653  -1.97265625
08.657  -1.982421875
08.662  -1.953125
08.667  -1.89453125
08.672  -1.8359375
08.678  -1.81640625
08.683  -1.7578125
08.687  -1.669921875
08.692  -1.5625
08.697  -1.513671875
08.702  -1.396484375
08.707  -1.259765625
08.711  -1.103515625
08.717  -1.005859375
08.722  -0.87890625
08.727  -0.732421875
08.732  -0.576171875
08.737  -0.478515625
08.741  -0.37109375
08.746  -0.25390625
08.751  -0.1171875
08.756  -0.068359375
08.762  -0.009765625
08.767  0.048828125
08.771  0.1171875
08.776  0.107421875
08.781  0.107421875
08.786  0.107421875
08.791  0.126953125
08.795  0.078125
08.800  0.048828125
08.806  0.029296875
08.811  0.048828125
08.816  0.0
08.821  -0.048828125
08.825  -0.068359375
08.830  -0.0390625
08.835  -0.087890625
08.840  -0.126953125
08.846  -0.146484375
08.851  -0.126953125
08.855  -0.17578125
08.860  -0.224609375
08.865  -0.244140625
08.870  -0.234375
08.875  -0.2734375
08.879  -0.341796875
08.884  -0.400390625
08.890  -0.4296875
08.895  -0.498046875
08.900  -0.5859375
08.905  -0.64453125
08.909  -0.654296875
08.914  -0.7421875
08.919  -0.859375
08.924  -0.966796875
08.930  -1.03515625
08.935  -1.171875
08.939  -1.337890625
08.944  -1.484375
08.949  -1.591796875
08.954  -1.767578125
08.959  -1.9921875
08.963  -2.2265625
08.968  -2.44140625
08.974  -2.744140625
08.979  -3.115234375
08.984  -3.486328125
08.989  -3.837890625
08.993  -4.2578125
08.998  -4.7265625
09.002  -5.0
09.006  -5.0
09.010  -5.0
09.015  -5.0
09.019  -5.0
09.022  -5.0
09.026  -5.0
09.030  -5.0
09.034  -5.0
09.038  -5.0
09.041  -5.0
09.045  -5.0
09.049  -5.0
09.053  -5.0
09.058  -5.0
09.061  -5.0
09.065  -5.0
09.069  -5.0
09.073  -5.0
09.077  -5.0
09.081  -5.0
09.084  -5.0
09.088  -5.0
09.092  -5.0
09.096  -5.0
09.101  -5.0
09.104  -5.0
09.108  -5.0
09.112  -5.0
09.116  -5.0
09.120  -5.0
09.123  -5.0
09.127  -5.0
09.131  -5.0
09.135  -5.0
09.139  -5.0
09.143  -5.0
09.147  -5.0
09.151  -5.0
09.155  -5.0
09.159  -5.0
09.162  -5.0
09.166  -5.0
09.170  -5.0
09.174  -5.0
09.178  -5.0
09.182  -5.0
09.186  -5.0
09.190  -5.0
09.194  -5.0
09.198  -5.0
09.202  -5.0
09.205  -5.0
09.209  -5.0
09.213  -5.0
09.217  -5.0
09.221  -5.0
09.224  -5.0
09.229  -5.0
09.233  -5.0
09.237  -5.0
09.241  -5.0
09.244  -5.0
09.248  -5.0
09.252  -5.0
09.256  -5.0
09.260  -5.0
09.264  -5.0
09.267  -5.0
09.272  -5.0
09.276  -5.0
09.280  -5.0
09.284  -5.0
09.287  -5.0
09.291  -5.0
09.295  -5.0
09.299  -5.0
09.303  -5.0
09.306  -5.0
09.310  -5.0
09.315  -5.0
09.319  -5.0
09.323  -5.0
09.326  -5.0
09.330  -5.0
09.334  -5.0
09.338  -5.0
09.342  -5.0
09.345  -5.0
09.349  -5.0
09.353  -5.0
09.358  -5.0
09.362  -5.0
09.366  -5.0
09.369  -5.0
09.373  -5.0
09.377  -5.0
09.381  -5.0
09.385  -5.0
09.388  -5.0
09.392  -5.0
09.396  -5.0
09.401  -5.0
09.405  -5.0
09.408  -5.0
09.412  -5.0
09.416  -5.0
09.420  -5.0
09.424  -5.0
09.427  -5.0
09.431  -5.0
09.435  -5.0
09.439  -5.0
09.444  -5.0
09.448  -5.0
09.451  -5.0
09.455  -5.0
09.459  -5.0
09.463  -5.0
09.467  -5.0
09.470  -5.0
09.474  -5.0
09.478  -5.0
09.482  -5.0
09.487  -5.0
09.490  -5.0
09.494  -5.0
09.498  -5.0
09.502  -5.0
09.506  -5.0
09.509  -5.0
09.513  -5.0
09.517  -5.0
09.521  -5.0
09.525  -5.0
09.529  -5.0
09.533  -5.0
09.537  -5.0
09.541  -5.0
09.545  -5.0
09.549  -5.0
09.552  -5.0
09.556  -5.0
09.560  -5.0
09.564  -5.0
09.568  -5.0
09.572  -5.0
09.576  -5.0
09.580  -5.0
09.584  -5.0
09.588  -5.0
09.591  -5.0
09.595  -5.0
09.599  -5.0
09.603  -5.0
09.607  -5.0
09.610  -5.0
09.615  -5.0
09.619  -5.0
09.623  -5.0
09.627  -5.0
09.631  -5.0
09.634  -5.0
09.638  -5.0
09.642  -5.0
09.646  -5.0
09.650  -5.0
09.653  -5.0
09.658  -5.0
09.662  -5.0
09.666  -5.0
09.670  -5.0
09.673  -5.0
09.677  -5.0
09.681  -5.0
09.685  -5.0
09.689  -5.0
09.692  -5.0
09.696  -5.0
09.701  -5.0
09.705  -5.0
09.709  -5.0
09.712  -5.0
09.716  -5.0
09.720  -5.0
09.724  -5.0
09.728  -5.0
09.732  -5.0
09.735  -5.0
09.740  -5.0
09.744  -5.0
09.748  -5.0
09.752  -5.0
09.755  -5.0
09.759  -5.0
09.763  -5.0
09.767  -5.0
09.771  -5.0
09.774  -5.0
09.778  -5.0
09.783  -5.0
09.787  -5.0
09.791  -5.0
09.794  -5.0
09.798  -5.0
09.802  -5.0
09.806  -5.0
09.810  -5.0
09.814  -5.0
09.817  -5.0
09.821  -5.0
09.826  -5.0
09.830  -5.0
09.834  -5.0
09.837  -5.0
09.841  -5.0
09.845  -5.0
09.849  -5.0
09.853  -5.0
09.856  -5.0
09.860  -5.0
09.864  -5.0
09.869  -5.0
