-00.000  -0.13671875
00.004  -0.166015625
00.009  -0.205078125
00.014  -0.205078125
00.019  -0.224609375
00.024  -0.263671875
00.029  -0.3125
00.033  -0.33203125
00.038  -0.37109375
00.044  -0.4296875
00.049  -0.5078125
00.054  -0.556640625
00.059  -0.634765625
00.063  -0.712890625
00.068  -0.80078125
00.073  -0.830078125
00.078  -0.91796875
00.083  -1.0546875
00.088  -1.201171875
00.093  -1.318359375
00.098  -1.455078125
00.103  -1.6015625
00.108  -1.7578125
00.113  -1.884765625
00.117  -2.021484375
00.122  -2.158203125
00.128  -2.32421875
00.133  -2.44140625
00.138  -2.578125
00.143  -2.705078125
00.147  -2.841796875
00.152  -2.94921875
00.157  -3.06640625
00.162  -3.173828125
00.167  -3.291015625
00.172  -3.388671875
00.177  -3.4765625
00.182  -3.564453125
00.187  -3.671875
00.192  -3.75
00.197  -3.828125
00.201  -3.92578125
00.206  -4.0234375
00.211  -4.111328125
00.216  -4.1796875
00.221  -4.23828125
00.225  -4.326171875
00.229  -4.39453125
00.234  -4.43359375
00.238  -4.4921875
00.242  -4.541015625
00.247  -4.599609375
00.251  -4.6484375
00.256  -4.66796875
00.261  -4.697265625
00.265  -4.7265625
00.269  -4.74609375
00.274  -4.736328125
00.278  -4.716796875
00.282  -4.6875
00.286  -4.6875
00.291  -4.62890625
00.295  -4.5703125
00.300  -4.521484375
00.305  -4.47265625
00.309  -4.4140625
00.313  -4.326171875
00.318  -4.23828125
00.322  -4.150390625
00.326  -4.0625
00.331  -3.935546875
00.335  -3.76953125
00.341  -3.61328125
00.346  -3.427734375
00.351  -3.193359375
00.356  -2.919921875
00.361  -2.65625
00.365  -2.392578125
00.370  -2.119140625
00.375  -1.8359375
00.380  -1.58203125
00.386  -1.34765625
00.391  -1.123046875
00.395  -0.888671875
00.400  -0.693359375
00.405  -0.52734375
00.410  -0.37109375
00.415  -0.21484375
00.419  -0.078125
00.424  0.01953125
00.430  0.09765625
00.435  0.205078125
00.440  0.263671875
00.445  0.29296875
00.449  0.33203125
00.454  0.37109375
00.459  0.390625
00.464  0.390625
00.470  0.37109375
00.475  0.380859375
00.479  0.37109375
00.484  0.341796875
00.489  0.3125
00.494  0.322265625
00.499  0.29296875
00.503  0.263671875
00.508  0.234375
00.514  0.224609375
00.519  0.205078125
00.524  0.17578125
00.529  0.13671875
00.533  0.126953125
00.538  0.087890625
00.543  0.0390625
00.548  -0.029296875
00.553  -0.068359375
00.559  -0.13671875
00.563  -0.21484375
00.568  -0.3125
00.573  -0.390625
00.578  -0.478515625
00.583  -0.595703125
00.587  -0.72265625
00.592  -0.830078125
00.598  -0.966796875
00.603  -1.103515625
00.608  -1.279296875
00.613  -1.42578125
00.617  -1.58203125
00.622  -1.7578125
00.627  -1.953125
00.632  -2.119140625
00.637  -2.32421875
00.643  -2.51953125
00.647  -2.734375
00.652  -2.91015625
00.657  -3.0859375
00.662  -3.271484375
00.667  -3.466796875
00.671  -3.642578125
00.676  -3.80859375
00.681  -3.984375
00.687  -4.150390625
00.691  -4.27734375
00.696  -4.404296875
00.700  -4.53125
00.704  -4.66796875
00.709  -4.794921875
00.713  -4.90234375
00.717  -5.0
00.721  -5.0
00.726  -5.0
00.730  -5.0
00.733  -5.0
00.737  -5.0
00.741  -5.0
00.745  -5.0
00.749  -5.0
00.752  -5.0
00.756  -5.0
00.760  -5.0
00.764  -5.0
00.769  -5.0
00.773  -5.0
00.776  -5.0
00.780  -5.0
00.784  -5.0
00.788  -5.0
00.792  -5.0
00.795  -5.0
00.799  -5.0
00.803  -5.0
00.807  -5.0
00.812  -5.0
00.815  -5.0
00.819  -5.0
00.823  -5.0
00.827  -5.0
00.831  -5.0
00.834  -5.0
00.838  -5.0
00.842  -5.0
00.846  -5.0
00.850  -5.0
00.854  -5.0
00.858  -5.0
00.862  -4.912109375
00.866  -4.78515625
00.870  -4.619140625
00.875  -4.462890625
00.879  -4.31640625
00.883  -4.189453125
00.887  -4.08203125
00.892  -3.955078125
00.897  -3.828125
00.902  -3.73046875
00.907  -3.642578125
00.912  -3.5546875
00.917  -3.45703125
00.921  -3.388671875
00.926  -3.349609375
00.931  -3.28125
00.936  -3.22265625
00.942  -3.18359375
00.947  -3.154296875
00.951  -3.10546875
00.956  -3.046875
00.961  -2.998046875
00.966  -2.958984375
00.971  -2.900390625
00.976  -2.8125
00.981  -2.734375
00.986  -2.65625
00.991  -2.55859375
00.996  -2.421875
01.001  -2.28515625
01.006  -2.12890625
01.010  -1.93359375
01.015  -1.6796875
01.020  -1.4453125
01.026  -1.201171875
01.031  -0.95703125
01.035  -0.693359375
01.040  -0.458984375
01.045  -0.25390625
01.050  -0.0390625
01.055  0.17578125
01.060  0.3515625
01.064  0.498046875
01.070  0.625
01.075  0.7421875
01.080  0.8203125
01.085  0.859375
01.090  0.888671875
01.094  0.8984375
01.099  0.888671875
01.104  0.83984375
01.110  0.771484375
01.115  0.72265625
01.119  0.634765625
01.124  0.52734375
01.129  0.41015625
01.134  0.302734375
01.139  0.17578125
01.144  0.029296875
01.148  -0.126953125
01.154  -0.25390625
01.159  -0.390625
01.164  -0.537109375
01.169  -0.703125
01.174  -0.83984375
01.178  -0.9765625
01.183  -1.123046875
01.188  -1.279296875
01.193  -1.38671875
01.199  -1.513671875
01.203  -1.640625
01.208  -1.767578125
01.213  -1.85546875
01.218  -1.953125
01.223  -2.05078125
01.228  -2.138671875
01.232  -2.20703125
01.238  -2.265625
01.243  -2.32421875
01.248  -2.373046875
01.253  -2.392578125
01.258  -2.412109375
01.262  -2.431640625
01.267  -2.451171875
01.272  -2.431640625
01.277  -2.412109375
01.283  -2.392578125
01.287  -2.3828125
01.292  -2.314453125
01.297  -2.255859375
01.302  -2.1875
01.307  -2.12890625
01.312  -2.03125
01.316  -1.93359375
01.321  -1.81640625
01.327  -1.728515625
01.332  -1.6015625
01.337  -1.50390625
01.342  -1.416015625
01.346  -1.34765625
01.351  -1.279296875
01.356  -1.2109375
01.361  -1.142578125
01.367  -1.103515625
01.372  -1.064453125
01.376  -1.005859375
01.381  -0.9765625
01.386  -0.9765625
01.391  -0.95703125
01.396  -0.927734375
01.400  -0.927734375
01.405  -0.947265625
01.411  -0.95703125
01.416  -0.95703125
01.421  -0.9765625
01.426  -1.015625
01.430  -1.044921875
01.435  -1.064453125
01.440  -1.09375
01.445  -1.15234375
01.451  -1.181640625
01.456  -1.201171875
01.460  -1.240234375
01.465  -1.2890625
01.470  -1.318359375
01.475  -1.34765625
01.480  -1.38671875
01.484  -1.435546875
01.489  -1.474609375
01.495  -1.494140625
01.500  -1.5234375
01.505  -1.572265625
01.510  -1.611328125
01.514  -1.62109375
01.519  -1.650390625
01.524  -1.69921875
01.529  -1.73828125
01.534  -1.73828125
01.540  -1.77734375
01.544  -1.81640625
01.549  -1.85546875
01.554  -1.875
01.559  -1.904296875
01.564  -1.943359375
01.568  -1.982421875
01.573  -2.001953125
01.579  -2.03125
01.584  -2.0703125
01.589  -2.099609375
01.594  -2.119140625
01.598  -2.12890625
01.603  -2.158203125
01.608  -2.1875
01.613  -2.20703125
01.618  -2.2265625
01.624  -2.275390625
01.628  -2.314453125
01.633  -2.34375
01.638  -2.40234375
01.643  -2.48046875
01.648  -2.587890625
01.652  -2.666015625
01.657  -2.75390625
01.662  -2.87109375
01.668  -2.998046875
01.673  -3.095703125
01.678  -3.203125
01.682  -3.33984375
01.687  -3.4765625
01.692  -3.583984375
01.697  -3.701171875
01.702  -3.837890625
01.708  -3.974609375
01.712  -4.091796875
01.717  -4.19921875
01.721  -4.31640625
01.726  -4.443359375
01.730  -4.55078125
01.734  -4.638671875
01.739  -4.736328125
01.743  -4.833984375
01.747  -4.931640625
01.752  -5.0
01.756  -5.0
01.760  -5.0
01.764  -5.0
01.767  -5.0
01.771  -5.0
01.775  -5.0
01.779  -5.0
01.783  -5.0
01.786  -5.0
01.790  -5.0
01.795  -5.0
01.799  -5.0
01.803  -5.0
01.807  -5.0
01.810  -5.0
01.814  -5.0
01.818  -5.0
01.822  -5.0
01.826  -5.0
01.829  -5.0
01.833  -5.0
01.838  -5.0
01.842  -5.0
01.846  -5.0
01.849  -5.0
01.853  -5.0
01.857  -5.0
01.861  -5.0
01.865  -5.0
01.868  -5.0
01.872  -5.0
01.877  -5.0
01.881  -5.0
01.885  -5.0
01.889  -4.873046875
01.893  -4.66796875
01.897  -4.453125
01.901  -4.248046875
01.906  -4.08203125
01.910  -3.90625
01.914  -3.720703125
01.920  -3.544921875
01.925  -3.37890625
01.930  -3.22265625
01.935  -3.056640625
01.940  -2.91015625
01.944  -2.783203125
01.949  -2.65625
01.954  -2.509765625
01.959  -2.392578125
01.965  -2.294921875
01.969  -2.20703125
01.974  -2.099609375
01.979  -2.01171875
01.984  -1.953125
01.989  -1.884765625
01.994  -1.806640625
01.998  -1.73828125
02.003  -1.708984375
02.009  -1.669921875
02.014  -1.611328125
02.019  -1.58203125
02.024  -1.552734375
02.028  -1.533203125
02.033  -1.50390625
02.038  -1.484375
02.043  -1.46484375
02.049  -1.46484375
02.053  -1.435546875
02.058  -1.42578125
02.063  -1.42578125
02.068  -1.435546875
02.073  -1.416015625
02.078  -1.416015625
02.082  -1.42578125
02.087  -1.4453125
02.093  -1.435546875
02.098  -1.4453125
02.103  -1.455078125
02.108  -1.484375
02.112  -1.484375
02.117  -1.484375
02.122  -1.50390625
02.127  -1.5234375
02.133  -1.5234375
02.138  -1.5234375
02.142  -1.533203125
02.147  -1.552734375
02.152  -1.5625
02.157  -1.552734375
02.162  -1.58203125
02.166  -1.6015625
02.171  -1.62109375
02.177  -1.62109375
02.182  -1.640625
02.187  -1.669921875
02.192  -1.689453125
02.196  -1.689453125
02.201  -1.708984375
02.206  -1.73828125
02.211  -1.7578125
02.216  -1.7578125
02.222  -1.77734375
02.226  -1.806640625
02.231  -1.826171875
02.236  -1.826171875
02.241  -1.8359375
02.246  -1.875
02.250  -1.884765625
02.255  -1.89453125
02.261  -1.904296875
02.266  -1.93359375
02.271  -1.953125
02.276  -1.953125
02.280  -1.97265625
02.285  -1.9921875
02.290  -2.021484375
02.295  -2.01171875
02.300  -2.021484375
02.306  -2.041015625
02.310  -2.060546875
02.315  -2.05078125
02.320  -2.05078125
02.325  -2.060546875
02.330  -2.05078125
02.334  -2.001953125
02.339  -1.97265625
02.344  -1.953125
02.350  -1.9140625
02.355  -1.8359375
02.360  -1.7578125
02.364  -1.6796875
02.369  -1.552734375
02.374  -1.38671875
02.379  -1.19140625
02.384  -0.99609375
02.390  -0.791015625
02.394  -0.556640625
02.399  -0.33203125
02.404  -0.126953125
02.409  0.078125
02.414  0.302734375
02.418  0.48828125
02.423  0.64453125
02.428  0.80078125
02.434  0.947265625
02.439  1.0546875
02.444  1.11328125
02.448  1.123046875
02.453  1.142578125
02.458  1.142578125
02.463  1.142578125
02.468  1.11328125
02.473  1.123046875
02.478  1.103515625
02.483  1.083984375
02.488  1.0546875
02.493  1.0546875
02.498  1.044921875
02.503  1.025390625
02.507  0.99609375
02.512  0.99609375
02.518  0.986328125
02.523  0.966796875
02.528  0.9375
02.532  0.9375
02.537  0.927734375
02.542  0.908203125
02.547  0.87890625
02.552  0.87890625
02.557  0.869140625
02.562  0.849609375
02.567  0.810546875
02.572  0.810546875
02.577  0.80078125
02.582  0.791015625
02.587  0.7421875
02.591  0.732421875
02.596  0.72265625
02.601  0.712890625
02.607  0.673828125
02.612  0.673828125
02.616  0.673828125
02.621  0.6640625
02.626  0.634765625
02.631  0.634765625
02.636  0.634765625
02.641  0.634765625
02.646  0.615234375
02.651  0.60546875
02.656  0.615234375
02.661  0.615234375
02.666  0.595703125
02.671  0.5859375
02.675  0.595703125
02.680  0.5859375
02.685  0.556640625
02.691  0.546875
02.696  0.546875
02.700  0.52734375
02.705  0.498046875
02.710  0.478515625
02.715  0.46875
02.720  0.458984375
02.725  0.41015625
02.729  0.390625
02.735  0.37109375
02.740  0.3515625
02.745  0.302734375
02.750  0.2734375
02.755  0.25390625
02.759  0.21484375
02.764  0.166015625
02.769  0.126953125
02.775  0.107421875
02.780  0.078125
02.784  0.01953125
02.789  -0.029296875
02.794  -0.048828125
02.799  -0.087890625
02.804  -0.13671875
02.809  -0.1953125
02.813  -0.205078125
02.819  -0.25390625
02.824  -0.3125
02.829  -0.361328125
02.834  -0.400390625
02.839  -0.439453125
02.843  -0.498046875
02.848  -0.556640625
02.853  -0.5859375
02.859  -0.625
02.864  -0.68359375
02.868  -0.732421875
02.873  -0.751953125
02.878  -0.791015625
02.883  -0.830078125
02.888  -0.869140625
02.893  -0.8984375
02.897  -0.927734375
02.903  -0.966796875
02.908  -1.005859375
02.913  -1.025390625
02.918  -1.0546875
02.923  -1.09375
02.927  -1.1328125
02.932  -1.15234375
02.937  -1.171875
02.942  -1.201171875
02.948  -1.25
02.953  -1.259765625
02.957  -1.279296875
02.962  -1.30859375
02.967  -1.357421875
02.972  -1.376953125
02.977  -1.38671875
02.981  -1.416015625
02.987  -1.4453125
02.992  -1.455078125
02.997  -1.455078125
03.002  -1.455078125
03.007  -1.46484375
03.011  -1.4453125
03.016  -1.40625
03.021  -1.376953125
03.026  -1.337890625
03.032  -1.2890625
03.037  -1.19140625
03.041  -1.083984375
03.046  -0.9765625
03.051  -0.830078125
03.056  -0.6640625
03.061  -0.5078125
03.065  -0.37109375
03.070  -0.21484375
03.076  -0.048828125
03.081  0.087890625
03.086  0.1953125
03.091  0.3125
03.095  0.439453125
03.100  0.537109375
03.105  0.60546875
03.110  0.673828125
03.116  0.751953125
03.121  0.80078125
03.125  0.8203125
03.130  0.83984375
03.135  0.87890625
03.140  0.87890625
03.145  0.859375
03.149  0.83984375
03.154  0.849609375
03.160  0.830078125
03.165  0.810546875
03.170  0.771484375
03.175  0.76171875
03.179  0.732421875
03.184  0.68359375
03.189  0.64453125
03.194  0.625
03.200  0.5859375
03.205  0.537109375
03.209  0.478515625
03.214  0.458984375
03.219  0.41015625
03.224  0.3515625
03.229  0.302734375
03.233  0.2734375
03.238  0.224609375
03.244  0.166015625
03.249  0.107421875
03.254  0.078125
03.259  0.0390625
03.263  -0.009765625
03.268  -0.05859375
03.273  -0.078125
03.278  -0.107421875
03.283  -0.146484375
03.289  -0.1953125
03.293  -0.1953125
03.298  -0.21484375
03.303  -0.234375
03.308  -0.2734375
03.313  -0.2734375
03.317  -0.283203125
03.322  -0.302734375
03.328  -0.322265625
03.333  -0.322265625
03.338  -0.33203125
03.343  -0.3515625
03.347  -0.380859375
03.352  -0.380859375
03.357  -0.390625
03.362  -0.419921875
03.367  -0.44921875
03.373  -0.46875
03.377  -0.48828125
03.382  -0.52734375
03.387  -0.576171875
03.392  -0.60546875
03.397  -0.625
03.402  -0.6640625
03.406  -0.72265625
03.411  -0.751953125
03.417  -0.78125
03.422  -0.830078125
03.427  -0.888671875
03.431  -0.91796875
03.436  -0.947265625
03.441  -0.9765625
03.446  -1.03515625
03.451  -1.0546875
03.457  -1.083984375
03.461  -1.103515625
03.466  -1.142578125
03.471  -1.162109375
03.476  -1.171875
03.481  -1.19140625
03.486  -1.23046875
03.490  -1.240234375
03.495  -1.259765625
03.501  -1.2890625
03.506  -1.328125
03.511  -1.3671875
03.515  -1.38671875
03.520  -1.416015625
03.525  -1.455078125
03.530  -1.494140625
03.535  -1.494140625
03.541  -1.533203125
03.545  -1.572265625
03.550  -1.6015625
03.555  -1.62109375
03.560  -1.650390625
03.565  -1.689453125
03.570  -1.71875
03.574  -1.73828125
03.579  -1.7578125
03.585  -1.796875
03.590  -1.826171875
03.595  -1.845703125
03.599  -1.85546875
03.604  -1.89453125
03.609  -1.923828125
03.614  -1.923828125
03.619  -1.953125
03.624  -1.9921875
03.629  -2.021484375
03.634  -2.03125
03.639  -2.05078125
03.644  -2.080078125
03.649  -2.109375
03.654  -2.109375
03.658  -2.119140625
03.663  -2.138671875
03.669  -2.1484375
03.674  -2.12890625
03.679  -2.109375
03.683  -2.099609375
03.688  -2.0703125
03.693  -2.021484375
03.698  -1.962890625
03.703  -1.89453125
03.708  -1.806640625
03.713  -1.669921875
03.718  -1.513671875
03.723  -1.3671875
03.728  -1.220703125
03.733  -1.0546875
03.738  -0.888671875
03.742  -0.751953125
03.747  -0.615234375
03.752  -0.478515625
03.758  -0.3515625
03.763  -0.244140625
03.768  -0.15625
03.772  -0.05859375
03.777  0.0390625
03.782  0.09765625
03.787  0.13671875
03.792  0.185546875
03.797  0.234375
03.802  0.25390625
03.807  0.25390625
03.812  0.263671875
03.817  0.283203125
03.822  0.2734375
03.826  0.244140625
03.831  0.234375
03.836  0.224609375
03.842  0.205078125
03.847  0.15625
03.852  0.13671875
03.856  0.1171875
03.861  0.078125
03.866  0.01953125
03.871  -0.009765625
03.876  -0.0390625
03.880  -0.087890625
03.886  -0.13671875
03.891  -0.1953125
03.896  -0.224609375
03.901  -0.2734375
03.906  -0.33203125
03.910  -0.380859375
03.915  -0.400390625
03.920  -0.458984375
03.926  -0.5078125
03.931  -0.556640625
03.936  -0.576171875
03.940  -0.615234375
03.945  -0.6640625
03.950  -0.703125
03.955  -0.712890625
03.960  -0.732421875
03.964  -0.771484375
03.970  -0.791015625
03.975  -0.80078125
03.980  -0.810546875
03.985  -0.83984375
03.990  -0.849609375
03.994  -0.849609375
03.999  -0.859375
04.004  -0.87890625
04.009  -0.8984375
04.015  -0.8984375
04.020  -0.908203125
04.024  -0.91796875
04.029  -0.947265625
04.034  -0.9375
04.039  -0.95703125
04.044  -0.9765625
04.048  -1.005859375
04.054  -0.99609375
04.059  -1.015625
04.064  -1.044921875
04.069  -1.07421875
04.074  -1.083984375
04.078  -1.103515625
04.083  -1.1328125
04.088  -1.171875
04.093  -1.181640625
04.099  -1.2109375
04.104  -1.240234375
04.108  -1.279296875
04.113  -1.298828125
04.118  -1.318359375
04.123  -1.357421875
04.128  -1.396484375
04.132  -1.40625
04.137  -1.435546875
04.143  -1.474609375
04.148  -1.5234375
04.153  -1.54296875
04.158  -1.5625
04.162  -1.591796875
04.167  -1.650390625
04.172  -1.669921875
04.177  -1.69921875
04.183  -1.728515625
04.188  -1.77734375
04.192  -1.787109375
04.197  -1.826171875
04.202  -1.85546875
04.207  -1.904296875
04.212  -1.923828125
04.217  -1.943359375
04.221  -1.97265625
04.227  -2.021484375
04.232  -2.041015625
04.237  -2.060546875
04.242  -2.08984375
04.246  -2.12890625
04.251  -2.1484375
04.256  -2.158203125
04.261  -2.1875
04.267  -2.2265625
04.272  -2.24609375
04.276  -2.255859375
04.281  -2.28515625
04.286  -2.32421875
04.291  -2.34375
04.296  -2.34375
04.301  -2.36328125
04.305  -2.40234375
04.311  -2.412109375
04.316  -2.431640625
04.321  -2.44140625
04.326  -2.48046875
04.330  -2.490234375
04.335  -2.5
04.340  -2.509765625
04.345  -2.529296875
04.350  -2.529296875
04.356  -2.51953125
04.360  -2.490234375
04.365  -2.490234375
04.370  -2.4609375
04.375  -2.40234375
04.380  -2.34375
04.385  -2.294921875
04.389  -2.20703125
04.395  -2.060546875
04.400  -1.923828125
04.405  -1.787109375
04.410  -1.640625
04.414  -1.46484375
04.419  -1.30859375
04.424  -1.171875
04.429  -1.03515625
04.434  -0.888671875
04.440  -0.76171875
04.444  -0.654296875
04.449  -0.556640625
04.454  -0.44921875
04.459  -0.361328125
04.464  -0.302734375
04.469  -0.244140625
04.473  -0.185546875
04.478  -0.146484375
04.484  -0.126953125
04.489  -0.1171875
04.494  -0.087890625
04.498  -0.078125
04.503  -0.09765625
04.508  -0.1171875
04.513  -0.1171875
04.518  -0.126953125
04.524  -0.15625
04.528  -0.185546875
04.533  -0.205078125
04.538  -0.224609375
04.543  -0.263671875
04.548  -0.3125
04.553  -0.341796875
04.557  -0.37109375
04.562  -0.41015625
04.568  -0.46875
04.573  -0.498046875
04.578  -0.537109375
04.582  -0.5859375
04.587  -0.64453125
04.592  -0.68359375
04.597  -0.703125
04.602  -0.76171875
04.608  -0.810546875
04.612  -0.83984375
04.617  -0.869140625
04.622  -0.91796875
04.627  -0.95703125
04.632  -0.986328125
04.637  -0.99609375
04.641  -1.025390625
04.646  -1.064453125
04.652  -1.083984375
04.657  -1.09375
04.662  -1.103515625
04.667  -1.1328125
04.671  -1.142578125
04.676  -1.142578125
04.681  -1.15234375
04.686  -1.171875
04.691  -1.181640625
04.696  -1.171875
04.701  -1.181640625
04.706  -1.201171875
04.711  -1.2109375
04.716  -1.201171875
04.721  -1.2109375
04.725  -1.240234375
04.730  -1.25
04.736  -1.25
04.741  -1.26953125
04.746  -1.2890625
04.751  -1.30859375
04.755  -1.318359375
04.760  -1.337890625
04.765  -1.3671875
04.770  -1.396484375
04.775  -1.396484375
04.780  -1.42578125
04.785  -1.46484375
04.790  -1.494140625
04.795  -1.50390625
04.800  -1.5234375
04.805  -1.5625
04.809  -1.591796875
04.814  -1.611328125
04.819  -1.640625
04.825  -1.6796875
04.830  -1.708984375
04.835  -1.728515625
04.839  -1.748046875
04.844  -1.796875
04.849  -1.8359375
04.854  -1.845703125
04.859  -1.875
04.864  -1.9140625
04.869  -1.953125
04.874  -1.962890625
04.879  -1.9921875
04.884  -2.03125
04.889  -2.0703125
04.893  -2.080078125
04.898  -2.109375
04.903  -2.138671875
04.909  -2.177734375
04.914  -2.177734375
04.919  -2.216796875
04.923  -2.24609375
04.928  -2.28515625
04.933  -2.28515625
04.938  -2.314453125
04.943  -2.333984375
04.947  -2.373046875
04.953  -2.3828125
04.958  -2.40234375
04.963  -2.431640625
04.968  -2.4609375
04.973  -2.470703125
04.977  -2.48046875
04.982  -2.509765625
04.987  -2.5390625
04.993  -2.5390625
04.998  -2.55859375
05.003  -2.568359375
05.007  -2.607421875
05.012  -2.6171875
05.017  -2.6171875
05.022  -2.63671875
05.027  -2.666015625
05.032  -2.666015625
05.037  -2.65625
05.042  -2.646484375
05.047  -2.65625
05.052  -2.6171875
05.057  -2.587890625
05.061  -2.5390625
05.066  -2.509765625
05.071  -2.431640625
05.077  -2.333984375
05.082  -2.216796875
05.087  -2.099609375
05.091  -1.953125
05.096  -1.787109375
05.101  -1.630859375
05.106  -1.50390625
05.111  -1.357421875
05.116  -1.201171875
05.121  -1.07421875
05.126  -0.966796875
05.131  -0.859375
05.136  -0.7421875
05.141  -0.654296875
05.145  -0.595703125
05.150  -0.52734375
05.155  -0.458984375
05.160  -0.41015625
05.166  -0.400390625
05.171  -0.37109375
05.175  -0.341796875
05.180  -0.33203125
05.185  -0.341796875
05.190  -0.341796875
05.195  -0.341796875
05.200  -0.3515625
05.205  -0.390625
05.210  -0.41015625
05.215  -0.419921875
05.220  -0.439453125
05.225  -0.48828125
05.229  -0.52734375
05.234  -0.546875
05.239  -0.576171875
05.244  -0.625
05.250  -0.6640625
05.255  -0.693359375
05.259  -0.732421875
05.264  -0.78125
05.269  -0.830078125
05.274  -0.859375
05.279  -0.8984375
05.284  -0.947265625
05.288  -0.99609375
05.294  -1.025390625
05.299  -1.0546875
05.304  -1.103515625
05.309  -1.15234375
05.313  -1.162109375
05.318  -1.19140625
05.323  -1.220703125
05.328  -1.25
05.334  -1.259765625
05.339  -1.279296875
05.343  -1.298828125
05.348  -1.328125
05.353  -1.318359375
05.358  -1.318359375
05.363  -1.337890625
05.368  -1.357421875
05.372  -1.357421875
05.378  -1.34765625
05.383  -1.357421875
05.388  -1.376953125
05.393  -1.376953125
05.397  -1.376953125
05.402  -1.38671875
05.407  -1.40625
05.412  -1.40625
05.417  -1.40625
05.423  -1.416015625
05.427  -1.455078125
05.432  -1.455078125
05.437  -1.455078125
05.442  -1.474609375
05.447  -1.513671875
05.452  -1.513671875
05.456  -1.533203125
05.462  -1.552734375
05.467  -1.58203125
05.472  -1.6015625
05.477  -1.611328125
05.482  -1.650390625
05.486  -1.6796875
05.491  -1.69921875
05.496  -1.708984375
05.501  -1.748046875
05.507  -1.787109375
05.511  -1.81640625
05.516  -1.826171875
05.521  -1.85546875
05.526  -1.89453125
05.531  -1.923828125
05.536  -1.93359375
05.540  -1.962890625
05.545  -2.001953125
05.551  -2.03125
05.556  -2.041015625
05.561  -2.060546875
05.566  -2.109375
05.570  -2.138671875
05.575  -2.1484375
05.580  -2.177734375
05.585  -2.216796875
05.591  -2.24609375
05.595  -2.255859375
05.600  -2.275390625
05.605  -2.314453125
05.610  -2.34375
05.615  -2.34375
05.620  -2.373046875
05.624  -2.40234375
05.629  -2.431640625
05.635  -2.421875
05.640  -2.451171875
05.645  -2.48046875
05.650  -2.509765625
05.654  -2.509765625
05.659  -2.529296875
05.664  -2.548828125
05.669  -2.587890625
05.675  -2.587890625
05.679  -2.59765625
05.684  -2.626953125
05.689  -2.646484375
05.694  -2.646484375
05.699  -2.63671875
05.704  -2.646484375
05.708  -2.65625
05.713  -2.6171875
05.719  -2.587890625
05.724  -2.568359375
05.729  -2.529296875
05.734  -2.4609375
05.738  -2.373046875
05.743  -2.275390625
05.748  -2.16796875
05.753  -2.01171875
05.758  -1.85546875
05.763  -1.71875
05.768  -1.58203125
05.773  -1.416015625
05.778  -1.2890625
05.783  -1.171875
05.788  -1.07421875
05.792  -0.9375
05.797  -0.83984375
05.803  -0.751953125
05.808  -0.693359375
05.813  -0.615234375
05.818  -0.556640625
05.822  -0.5078125
05.827  -0.498046875
05.832  -0.458984375
05.837  -0.4296875
05.842  -0.4296875
05.847  -0.439453125
05.852  -0.4296875
05.857  -0.4296875
05.862  -0.439453125
05.867  -0.478515625
05.872  -0.48828125
05.876  -0.498046875
05.881  -0.52734375
05.886  -0.56640625
05.892  -0.595703125
05.897  -0.615234375
05.902  -0.64453125
05.906  -0.703125
05.911  -0.732421875
05.916  -0.76171875
05.921  -0.80078125
05.926  -0.859375
05.932  -0.888671875
05.936  -0.91796875
05.941  -0.966796875
05.946  -1.015625
05.951  -1.0546875
05.956  -1.083984375
05.960  -1.123046875
05.965  -1.171875
05.970  -1.201171875
05.976  -1.220703125
05.981  -1.25
05.986  -1.298828125
05.990  -1.318359375
05.995  -1.328125
06.000  -1.34765625
06.005  -1.376953125
06.010  -1.396484375
06.016  -1.38671875
06.020  -1.396484375
06.025  -1.42578125
06.030  -1.435546875
06.035  -1.42578125
06.040  -1.42578125
06.044  -1.455078125
06.049  -1.455078125
06.054  -1.455078125
06.060  -1.455078125
06.065  -1.484375
06.070  -1.494140625
06.074  -1.484375
06.079  -1.494140625
06.084  -1.513671875
06.089  -1.533203125
06.094  -1.533203125
06.099  -1.54296875
06.104  -1.572265625
06.109  -1.591796875
06.114  -1.6015625
06.119  -1.611328125
06.124  -1.640625
06.128  -1.669921875
06.133  -1.6796875
06.138  -1.69921875
06.144  -1.71875
06.149  -1.7578125
06.154  -1.767578125
06.158  -1.787109375
06.163  -1.826171875
06.168  -1.865234375
06.173  -1.875
06.178  -1.89453125
06.183  -1.93359375
06.188  -1.962890625
06.193  -1.9921875
06.198  -2.001953125
06.203  -2.041015625
06.208  -2.080078125
06.212  -2.099609375
06.217  -2.109375
06.222  -2.1484375
06.227  -2.1875
06.233  -2.216796875
06.238  -2.2265625
06.242  -2.255859375
06.247  -2.294921875
06.252  -2.314453125
06.257  -2.32421875
06.262  -2.353515625
06.267  -2.392578125
06.272  -2.412109375
06.277  -2.421875
06.282  -2.451171875
06.287  -2.490234375
06.292  -2.490234375
06.297  -2.509765625
06.301  -2.529296875
06.306  -2.568359375
06.311  -2.587890625
06.317  -2.578125
06.322  -2.607421875
06.326  -2.646484375
06.331  -2.666015625
06.336  -2.666015625
06.341  -2.67578125
06.346  -2.705078125
06.351  -2.71484375
06.355  -2.6953125
06.361  -2.71484375
06.366  -2.71484375
06.371  -2.705078125
06.376  -2.65625
06.381  -2.626953125
06.385  -2.587890625
06.390  -2.5390625
06.395  -2.44140625
06.401  -2.333984375
06.406  -2.216796875
06.410  -2.080078125
06.415  -1.904296875
06.420  -1.7578125
06.425  -1.62109375
06.430  -1.484375
06.435  -1.337890625
06.439  -1.201171875
06.445  -1.09375
06.450  -0.986328125
06.455  -0.869140625
06.460  -0.78125
06.465  -0.712890625
06.469  -0.654296875
06.474  -0.576171875
06.479  -0.52734375
06.485  -0.498046875
06.490  -0.478515625
06.494  -0.439453125
06.499  -0.4296875
06.504  -0.439453125
06.509  -0.458984375
06.514  -0.439453125
06.519  -0.44921875
06.523  -0.46875
06.529  -0.5078125
06.534  -0.5078125
06.539  -0.52734375
06.544  -0.56640625
06.549  -0.60546875
06.553  -0.615234375
06.558  -0.654296875
06.563  -0.693359375
06.568  -0.7421875
06.574  -0.76171875
06.578  -0.80078125
06.583  -0.849609375
06.588  -0.8984375
06.593  -0.927734375
06.598  -0.95703125
06.603  -1.005859375
06.607  -1.064453125
06.613  -1.083984375
06.618  -1.123046875
06.623  -1.162109375
06.628  -1.2109375
06.633  -1.220703125
06.637  -1.25
06.642  -1.279296875
06.647  -1.328125
06.652  -1.337890625
06.658  -1.34765625
06.662  -1.357421875
06.667  -1.40625
06.672  -1.396484375
06.677  -1.40625
06.682  -1.416015625
06.687  -1.4453125
06.691  -1.435546875
06.696  -1.435546875
06.702  -1.4453125
06.707  -1.46484375
06.712  -1.46484375
06.717  -1.46484375
06.721  -1.474609375
06.726  -1.50390625
06.731  -1.50390625
06.736  -1.494140625
06.742  -1.50390625
06.747  -1.54296875
06.751  -1.552734375
06.756  -1.552734375
06.761  -1.5625
06.766  -1.6015625
06.771  -1.611328125
06.775  -1.62109375
06.780  -1.630859375
06.786  -1.669921875
06.791  -1.689453125
06.796  -1.69921875
06.801  -1.71875
06.805  -1.7578125
06.810  -1.77734375
06.815  -1.796875
06.820  -1.81640625
06.825  -1.865234375
06.831  -1.884765625
06.835  -1.89453125
06.840  -1.923828125
06.845  -1.962890625
06.850  -1.9921875
06.855  -2.001953125
06.859  -2.03125
06.864  -2.0703125
06.870  -2.099609375
06.875  -2.109375
06.880  -2.138671875
06.885  -2.177734375
06.889  -2.216796875
06.894  -2.216796875
06.899  -2.24609375
06.904  -2.28515625
06.909  -2.314453125
06.915  -2.32421875
06.919  -2.34375
06.924  -2.3828125
06.929  -2.412109375
06.934  -2.421875
06.939  -2.431640625
06.943  -2.470703125
06.948  -2.5
06.953  -2.509765625
06.959  -2.51953125
06.964  -2.55859375
06.969  -2.578125
06.973  -2.587890625
06.978  -2.59765625
06.983  -2.63671875
06.988  -2.65625
06.993  -2.666015625
06.999  -2.67578125
07.003  -2.6953125
07.008  -2.724609375
07.013  -2.71484375
07.018  -2.71484375
07.023  -2.724609375
07.027  -2.734375
07.032  -2.6953125
07.037  -2.666015625
07.043  -2.646484375
07.048  -2.6171875
07.053  -2.5390625
07.057  -2.451171875
07.062  -2.353515625
07.067  -2.236328125
07.072  -2.08984375
07.077  -1.923828125
07.083  -1.796875
07.087  -1.669921875
07.092  -1.5234375
07.097  -1.376953125
07.102  -1.259765625
07.107  -1.162109375
07.111  -1.044921875
07.116  -0.9375
07.121  -0.859375
07.127  -0.791015625
07.132  -0.72265625
07.137  -0.654296875
07.141  -0.615234375
07.146  -0.595703125
07.151  -0.56640625
07.156  -0.537109375
07.161  -0.52734375
07.166  -0.546875
07.171  -0.537109375
07.176  -0.537109375
07.181  -0.556640625
07.186  -0.5859375
07.191  -0.60546875
07.196  -0.615234375
07.200  -0.634765625
07.205  -0.68359375
07.211  -0.712890625
07.216  -0.732421875
07.221  -0.76171875
07.225  -0.810546875
07.230  -0.859375
07.235  -0.869140625
07.240  -0.91796875
07.245  -0.95703125
07.250  -1.005859375
07.255  -1.03515625
07.260  -1.07421875
07.265  -1.1328125
07.270  -1.171875
07.275  -1.19140625
07.280  -1.23046875
07.284  -1.279296875
07.289  -1.318359375
07.294  -1.337890625
07.300  -1.357421875
07.305  -1.396484375
07.309  -1.42578125
07.314  -1.435546875
07.319  -1.455078125
07.324  -1.484375
07.329  -1.50390625
07.334  -1.494140625
07.339  -1.494140625
07.344  -1.5234375
07.349  -1.533203125
07.354  -1.513671875
07.359  -1.533203125
07.364  -1.54296875
07.368  -1.5625
07.373  -1.54296875
07.378  -1.552734375
07.384  -1.5625
07.389  -1.58203125
07.393  -1.572265625
07.398  -1.58203125
07.403  -1.6015625
07.408  -1.62109375
07.413  -1.611328125
07.418  -1.630859375
07.422  -1.650390625
07.428  -1.6796875
07.433  -1.6796875
07.438  -1.689453125
07.443  -1.71875
07.448  -1.748046875
07.452  -1.7578125
07.457  -1.767578125
07.462  -1.796875
07.468  -1.8359375
07.473  -1.8359375
07.477  -1.85546875
07.482  -1.89453125
07.487  -1.923828125
07.492  -1.943359375
07.497  -1.962890625
07.502  -1.9921875
07.506  -2.041015625
07.512  -2.05078125
07.517  -2.0703125
07.522  -2.08984375
07.527  -2.138671875
07.532  -2.158203125
07.536  -2.16796875
07.541  -2.197265625
07.546  -2.236328125
07.552  -2.255859375
07.557  -2.275390625
07.562  -2.294921875
07.566  -2.34375
07.571  -2.353515625
07.576  -2.36328125
07.581  -2.392578125
07.586  -2.431640625
07.590  -2.451171875
07.596  -2.451171875
07.601  -2.48046875
07.606  -2.51953125
07.611  -2.5390625
07.616  -2.5390625
07.620  -2.55859375
07.625  -2.59765625
07.630  -2.607421875
07.635  -2.6171875
07.641  -2.63671875
07.646  -2.666015625
07.650  -2.685546875
07.655  -2.685546875
07.660  -2.6953125
07.665  -2.734375
07.670  -2.734375
07.674  -2.734375
07.680  -2.734375
07.685  -2.734375
07.690  -2.724609375
07.695  -2.6953125
07.700  -2.65625
07.704  -2.626953125
07.709  -2.578125
07.714  -2.490234375
07.719  -2.3828125
07.725  -2.275390625
07.730  -2.158203125
07.734  -2.001953125
07.739  -1.85546875
07.744  -1.73828125
07.749  -1.611328125
07.754  -1.474609375
07.758  -1.34765625
07.763  -1.25
07.769  -1.15234375
07.774  -1.044921875
07.779  -0.95703125
07.784  -0.8984375
07.788  -0.83984375
07.793  -0.771484375
07.798  -0.72265625
07.803  -0.693359375
07.809  -0.68359375
07.814  -0.654296875
07.818  -0.634765625
07.823  -0.64453125
07.828  -0.654296875
07.833  -0.654296875
07.838  -0.6640625
07.842  -0.693359375
07.847  -0.712890625
07.853  -0.72265625
07.858  -0.7421875
07.863  -0.78125
07.868  -0.830078125
07.872  -0.83984375
07.877  -0.869140625
07.882  -0.908203125
07.887  -0.966796875
07.893  -0.986328125
07.898  -1.025390625
07.902  -1.064453125
07.907  -1.11328125
07.912  -1.15234375
07.917  -1.181640625
07.922  -1.220703125
07.926  -1.279296875
07.931  -1.30859375
07.937  -1.318359375
07.942  -1.3671875
07.947  -1.416015625
07.952  -1.4453125
07.956  -1.455078125
07.961  -1.484375
07.966  -1.5234375
07.971  -1.533203125
07.976  -1.533203125
07.982  -1.552734375
07.986  -1.58203125
07.991  -1.58203125
07.996  -1.572265625
08.001  -1.591796875
08.006  -1.611328125
08.011  -1.611328125
08.015  -1.6015625
08.021  -1.611328125
08.026  -1.630859375
08.031  -1.630859375
08.036  -1.62109375
08.040  -1.630859375
08.045  -1.650390625
08.050  -1.650390625
08.055  -1.650390625
08.060  -1.66015625
08.066  -1.6796875
08.070  -1.69921875
08.075  -1.689453125
08.080  -1.708984375
08.085  -1.73828125
08.090  -1.7578125
08.095  -1.7578125
08.099  -1.77734375
08.104  -1.796875
08.110  -1.826171875
08.115  -1.8359375
08.120  -1.865234375
08.124  -1.89453125
08.129  -1.923828125
08.134  -1.93359375
08.139  -1.953125
08.144  -1.982421875
08.150  -2.021484375
08.154  -2.021484375
08.159  -2.05078125
08.164  -2.08984375
08.169  -2.109375
08.174  -2.12890625
08.179  -2.1484375
08.183  -2.1875
08.188  -2.216796875
08.194  -2.2265625
08.199  -2.24609375
08.204  -2.28515625
08.208  -2.314453125
08.213  -2.32421875
08.218  -2.34375
08.223  -2.3828125
08.228  -2.40234375
08.233  -2.421875
08.238  -2.44140625
08.243  -2.4609375
08.248  -2.5
08.253  -2.509765625
08.258  -2.529296875
08.263  -2.55859375
08.267  -2.587890625
08.272  -2.578125
08.278  -2.607421875
08.283  -2.63671875
08.288  -2.666015625
08.292  -2.666015625
08.297  -2.67578125
08.302  -2.6953125
08.307  -2.724609375
08.312  -2.724609375
08.317  -2.724609375
08.322  -2.734375
08.327  -2.744140625
08.332  -2.724609375
08.337  -2.685546875
08.342  -2.666015625
08.347  -2.646484375
08.351  -2.578125
08.356  -2.5
08.361  -2.40234375
08.367  -2.294921875
08.372  -2.158203125
08.376  -2.01171875
08.381  -1.865234375
08.386  -1.7578125
08.391  -1.62109375
08.396  -1.484375
08.401  -1.3671875
08.406  -1.26953125
08.411  -1.15234375
08.416  -1.0546875
08.421  -0.9765625
08.426  -0.91796875
08.431  -0.83984375
08.435  -0.771484375
08.440  -0.72265625
08.445  -0.703125
08.451  -0.673828125
08.456  -0.634765625
08.461  -0.625
08.465  -0.64453125
08.470  -0.64453125
08.475  -0.634765625
08.480  -0.64453125
08.485  -0.68359375
08.489  -0.703125
08.495  -0.703125
08.500  -0.732421875
08.505  -0.80078125
08.515  -0.8203125
08.519  -0.849609375
08.524  -0.8984375
08.529  -0.947265625
08.535  -0.966796875
08.540  -0.99609375
08.545  -1.0546875
08.549  -1.09375
08.554  -1.123046875
08.559  -1.162109375
08.564  -1.2109375
08.569  -1.25
08.573  -1.279296875
08.579  -1.30859375
08.584  -1.357421875
08.589  -1.396484375
08.594  -1.416015625
08.599  -1.435546875
08.603  -1.474609375
08.608  -1.513671875
08.613  -1.513671875
08.619  -1.5234375
08.624  -1.552734375
08.629  -1.572265625
08.633  -1.572265625
08.638  -1.572265625
08.643  -1.591796875
08.648  -1.611328125
08.653  -1.6015625
08.657  -1.6015625
08.663  -1.611328125
08.668  -1.630859375
08.673  -1.62109375
08.678  -1.62109375
08.683  -1.630859375
08.687  -1.650390625
08.692  -1.650390625
08.697  -1.650390625
08.702  -1.669921875
08.708  -1.689453125
08.713  -1.689453125
08.717  -1.689453125
08.722  -1.71875
08.727  -1.748046875
08.732  -1.748046875
08.737  -1.7578125
08.741  -1.787109375
08.747  -1.81640625
08.752  -1.826171875
08.757  -1.8359375
08.762  -1.865234375
08.767  -1.904296875
08.771  -1.9140625
08.776  -1.93359375
08.781  -1.962890625
08.786  -1.9921875
08.792  -2.01171875
08.797  -2.021484375
08.801  -2.060546875
08.806  -2.099609375
08.811  -2.119140625
08.816  -2.12890625
08.821  -2.158203125
08.826  -2.197265625
08.830  -2.2265625
08.836  -2.2265625
08.841  -2.265625
08.846  -2.3046875
08.851  -2.314453125
08.855  -2.333984375
08.860  -2.36328125
08.865  -2.392578125
08.870  -2.421875
08.876  -2.431640625
08.881  -2.451171875
08.885  -2.490234375
08.890  -2.509765625
08.895  -2.51953125
08.900  -2.5390625
08.905  -2.578125
08.910  -2.59765625
08.914  -2.607421875
08.920  -2.626953125
08.925  -2.65625
08.930  -2.67578125
08.935  -2.67578125
08.939  -2.6953125
08.944  -2.724609375
08.949  -2.744140625
08.954  -2.744140625
08.960  -2.75390625
08.965  -2.763671875
08.969  -2.783203125
08.974  -2.75390625
08.979  -2.744140625
08.984  -2.734375
08.989  -2.71484375
08.994  -2.65625
08.998  -2.59765625
09.004  -2.529296875
09.009  -2.431640625
09.014  -2.294921875
09.019  -2.158203125
09.023  -2.03125
09.028  -1.89453125
09.033  -1.748046875
09.038  -1.611328125
09.043  -1.494140625
09.049  -1.38671875
09.053  -1.259765625
09.058  -1.142578125
09.063  -1.0546875
09.068  -0.9765625
09.073  -0.87890625
09.078  -0.810546875
09.082  -0.76171875
09.088  -0.72265625
09.093  -0.6640625
09.098  -0.634765625
09.103  -0.615234375
09.107  -0.615234375
09.112  -0.595703125
09.117  -0.595703125
09.122  -0.60546875
09.127  -0.634765625
09.133  -0.625
09.137  -0.64453125
09.142  -0.673828125
09.147  -0.712890625
09.152  -0.72265625
09.157  -0.751953125
09.162  -0.78125
09.166  -0.830078125
09.171  -0.849609375
09.177  -0.888671875
09.182  -0.927734375
09.187  -0.9765625
09.191  -1.015625
09.196  -1.03515625
09.201  -1.083984375
09.206  -1.142578125
09.211  -1.171875
09.217  -1.201171875
09.221  -1.240234375
09.226  -1.298828125
09.231  -1.318359375
09.236  -1.34765625
09.241  -1.376953125
09.246  -1.42578125
09.250  -1.4453125
09.255  -1.46484375
09.261  -1.484375
09.266  -1.5234375
09.271  -1.5234375
09.276  -1.533203125
09.280  -1.54296875
09.285  -1.572265625
09.290  -1.572265625
09.295  -1.572265625
09.301  -1.572265625
09.305  -1.6015625
09.310  -1.6015625
09.315  -1.6015625
09.320  -1.6015625
09.325  -1.62109375
09.330  -1.630859375
09.334  -1.62109375
09.339  -1.630859375
09.345  -1.650390625
09.350  -1.66015625
09.355  -1.66015625
09.360  -1.669921875
09.364  -1.69921875
09.369  -1.708984375
09.374  -1.71875
09.379  -1.728515625
09.384  -1.7578125
09.389  -1.77734375
09.394  -1.787109375
09.399  -1.796875
09.404  -1.8359375
09.409  -1.85546875
09.414  -1.865234375
09.418  -1.884765625
09.423  -1.923828125
09.429  -1.943359375
09.434  -1.962890625
09.439  -1.97265625
09.444  -2.01171875
09.448  -2.041015625
09.453  -2.060546875
09.458  -2.080078125
09.463  -2.119140625
09.468  -2.1484375
09.473  -2.158203125
09.478  -2.177734375
09.483  -2.216796875
09.488  -2.24609375
09.493  -2.255859375
09.498  -2.28515625
09.502  -2.3046875
09.507  -2.34375
09.512  -2.353515625
09.518  -2.373046875
09.523  -2.412109375
09.528  -2.44140625
09.532  -2.451171875
09.537  -2.470703125
09.542  -2.5
09.547  -2.529296875
09.552  -2.5390625
09.557  -2.548828125
09.562  -2.587890625
09.567  -2.6171875
09.572  -2.626953125
09.577  -2.626953125
09.582  -2.65625
09.586  -2.685546875
09.591  -2.685546875
09.596  -2.6953125
09.602  -2.705078125
09.607  -2.724609375
09.612  -2.71484375
09.616  -2.6953125
09.621  -2.685546875
09.626  -2.67578125
09.631  -2.626953125
09.636  -2.568359375
09.640  -2.509765625
09.646  -2.431640625
09.651  -2.3046875
09.656  -2.177734375
09.661  -2.041015625
09.666  -1.923828125
09.670  -1.787109375
09.675  -1.650390625
09.680  -1.5234375
09.686  -1.42578125
09.691  -1.30859375
09.696  -1.19140625
09.700  -1.103515625
09.705  -1.025390625
09.710  -0.947265625
09.715  -0.859375
09.720  -0.810546875
09.725  -0.771484375
09.730  -0.732421875
09.735  -0.68359375
09.740  -0.6640625
09.745  -0.673828125
09.750  -0.6640625
09.754  -0.654296875
09.759  -0.654296875
09.764  -0.68359375
09.769  -0.703125
09.775  -0.703125
09.780  -0.712890625
09.784  -0.76171875
09.789  -0.791015625
09.794  -0.80078125
09.799  -0.830078125
09.804  -0.87890625
09.809  -0.91796875
09.814  -0.9375
09.819  -0.966796875
09.824  -1.015625
09.829  -1.07421875
09.834  -1.09375
09.838  -1.1328125
09.843  -1.181640625
09.848  -1.23046875
09.853  -1.25
09.859  -1.2890625
09.864  -1.328125
09.868  -1.376953125
09.873  -1.396484375
09.878  -1.416015625
09.883  -1.455078125
09.888  -1.494140625
