-00.000  -1.650390625
00.002  -1.66015625
00.005  -1.6796875
00.009  -1.6796875
00.013  -1.6796875
00.017  -1.6796875
00.021  -1.689453125
00.025  -1.708984375
00.029  -1.71875
00.033  -1.708984375
00.037  -1.708984375
00.043  -1.71875
00.047  -1.73828125
00.051  -1.73828125
00.055  -1.728515625
00.059  -1.728515625
00.063  -1.73828125
00.067  -1.73828125
00.071  -1.77734375
00.075  -1.787109375
00.079  -1.787109375
00.083  -1.7578125
00.088  -1.767578125
00.092  -1.806640625
00.096  -1.806640625
00.100  -1.806640625
00.105  -1.787109375
00.109  -1.806640625
00.113  -1.81640625
00.118  -1.826171875
00.122  -1.8359375
00.127  -1.85546875
00.132  -1.85546875
00.136  -1.865234375
00.140  -1.875
00.145  -1.89453125
00.149  -1.904296875
00.153  -1.904296875
00.158  -1.9140625
00.162  -1.923828125
00.166  -1.943359375
00.171  -1.953125
00.176  -1.953125
00.180  -1.962890625
00.184  -1.9921875
00.189  -2.001953125
00.193  -2.001953125
00.202  -2.01171875
00.206  -2.041015625
00.210  -2.05078125
00.216  -2.05078125
00.220  -2.060546875
00.224  -2.08984375
00.229  -2.099609375
00.233  -2.099609375
00.237  -2.109375
00.242  -2.12890625
00.246  -2.158203125
00.250  -2.16796875
00.255  -2.16796875
00.260  -2.1875
00.264  -2.216796875
00.268  -2.236328125
00.273  -2.2265625
00.277  -2.236328125
00.281  -2.265625
00.286  -2.294921875
00.290  -2.3046875
00.294  -2.3046875
00.300  -2.32421875
00.304  -2.353515625
00.308  -2.373046875
00.313  -2.373046875
00.317  -2.3828125
00.321  -2.40234375
00.326  -2.431640625
00.330  -2.44140625
00.334  -2.44140625
00.338  -2.451171875
00.344  -2.48046875
00.348  -2.5
00.352  -2.5
00.357  -2.51953125
00.361  -2.529296875
00.365  -2.568359375
00.370  -2.578125
00.374  -2.587890625
00.378  -2.59765625
00.384  -2.626953125
00.388  -2.65625
00.392  -2.65625
00.397  -2.666015625
00.401  -2.685546875
00.405  -2.705078125
00.410  -2.71484375
00.414  -2.724609375
00.418  -2.734375
00.423  -2.75390625
00.428  -2.763671875
00.432  -2.75390625
00.436  -2.744140625
00.441  -2.724609375
00.445  -2.724609375
00.449  -2.71484375
00.454  -2.67578125
00.458  -2.646484375
00.462  -2.626953125
00.467  -2.607421875
00.472  -2.55859375
00.476  -2.509765625
00.481  -2.470703125
00.485  -2.44140625
00.489  -2.412109375
00.494  -2.353515625
00.498  -2.314453125
00.502  -2.28515625
00.507  -2.265625
00.512  -2.216796875
00.516  -2.177734375
00.520  -2.158203125
00.525  -2.138671875
00.529  -2.119140625
00.533  -2.080078125
00.538  -2.060546875
00.542  -2.041015625
00.546  -2.041015625
00.551  -2.03125
00.556  -2.001953125
00.565  -1.97265625
00.569  -1.982421875
00.573  -1.962890625
00.578  -1.943359375
00.582  -1.953125
00.586  -1.953125
00.591  -1.943359375
00.595  -1.93359375
00.600  -1.93359375
00.604  -1.943359375
00.609  -1.943359375
00.613  -1.923828125
00.617  -1.923828125
00.622  -1.93359375
00.626  -1.953125
00.630  -1.943359375
00.635  -1.943359375
00.640  -1.943359375
00.644  -1.953125
00.649  -1.97265625
00.653  -1.962890625
00.657  -1.97265625
00.662  -1.982421875
00.666  -2.001953125
00.670  -2.001953125
00.675  -1.9921875
00.679  -2.001953125
00.684  -2.021484375
00.688  -2.03125
00.693  -2.021484375
00.697  -2.021484375
00.701  -2.03125
00.706  -2.05078125
00.710  -2.05078125
00.714  -2.041015625
00.719  -2.05078125
00.723  -2.060546875
00.728  -2.0703125
00.733  -2.060546875
00.737  -2.060546875
00.741  -2.0703125
00.746  -2.08984375
00.750  -2.08984375
00.754  -2.080078125
00.759  -2.080078125
00.763  -2.099609375
00.768  -2.109375
00.773  -2.099609375
00.777  -2.099609375
00.781  -2.099609375
00.785  -2.12890625
00.790  -2.12890625
00.794  -2.119140625
00.798  -2.12890625
00.803  -2.138671875
00.807  -2.158203125
00.812  -2.1484375
00.817  -2.1484375
00.825  -2.1875
00.830  -2.197265625
00.834  -2.1875
00.838  -2.1875
00.843  -2.20703125
00.847  -2.2265625
00.851  -2.216796875
00.857  -2.2265625
00.861  -2.236328125
00.865  -2.265625
00.869  -2.275390625
00.874  -2.275390625
00.878  -2.28515625
00.882  -2.294921875
00.887  -2.314453125
00.891  -2.314453125
00.896  -2.32421875
00.901  -2.333984375
00.905  -2.353515625
00.909  -2.36328125
00.914  -2.36328125
00.918  -2.373046875
00.922  -2.392578125
00.927  -2.412109375
00.931  -2.412109375
00.935  -2.412109375
00.941  -2.431640625
00.945  -2.451171875
00.949  -2.4609375
00.953  -2.4609375
00.958  -2.470703125
00.962  -2.490234375
00.966  -2.51953125
00.971  -2.51953125
00.975  -2.51953125
00.979  -2.5390625
00.985  -2.568359375
00.989  -2.578125
00.993  -2.587890625
00.998  -2.59765625
01.002  -2.6171875
01.007  -2.63671875
01.011  -2.646484375
01.016  -2.65625
01.020  -2.666015625
01.026  -2.6953125
01.030  -2.71484375
01.035  -2.71484375
01.040  -2.724609375
01.044  -2.75390625
01.049  -2.7734375
01.053  -2.7734375
01.058  -2.783203125
01.062  -2.802734375
01.068  -2.822265625
01.073  -2.822265625
01.077  -2.83203125
01.082  -2.8515625
01.086  -2.861328125
01.091  -2.83203125
01.100  -2.822265625
01.105  -2.822265625
01.110  -2.802734375
01.115  -2.763671875
01.119  -2.734375
01.124  -2.705078125
01.128  -2.67578125
01.133  -2.63671875
01.137  -2.587890625
01.142  -2.55859375
01.147  -2.51953125
01.152  -2.48046875
01.157  -2.431640625
01.161  -2.40234375
01.166  -2.3828125
01.170  -2.333984375
01.175  -2.294921875
01.180  -2.265625
01.184  -2.24609375
01.189  -2.2265625
01.194  -2.1875
01.199  -2.158203125
01.203  -2.158203125
01.208  -2.1484375
01.213  -2.119140625
01.217  -2.109375
01.222  -2.099609375
01.226  -2.099609375
01.231  -2.08984375
01.235  -2.0703125
01.241  -2.0703125
01.246  -2.080078125
01.250  -2.0703125
01.255  -2.060546875
01.259  -2.060546875
01.264  -2.080078125
01.268  -2.080078125
01.273  -2.0703125
01.279  -2.0703125
01.283  -2.08984375
01.288  -2.109375
01.292  -2.099609375
01.297  -2.109375
01.301  -2.109375
01.306  -2.138671875
01.311  -2.138671875
01.315  -2.138671875
01.320  -2.1484375
01.325  -2.16796875
01.330  -2.177734375
01.334  -2.16796875
01.339  -2.177734375
01.344  -2.197265625
01.348  -2.20703125
01.353  -2.1875
01.357  -2.197265625
01.362  -2.20703125
01.367  -2.2265625
01.372  -2.216796875
01.377  -2.20703125
01.381  -2.216796875
01.386  -2.2265625
01.390  -2.236328125
01.395  -2.2265625
01.399  -2.2265625
01.404  -2.24609375
01.410  -2.24609375
01.414  -2.236328125
01.419  -2.24609375
01.423  -2.255859375
01.428  -2.265625
01.432  -2.255859375
01.437  -2.255859375
01.442  -2.275390625
01.446  -2.294921875
01.452  -2.28515625
01.456  -2.28515625
01.461  -2.294921875
01.465  -2.32421875
01.470  -2.32421875
01.475  -2.333984375
01.479  -2.333984375
01.484  -2.353515625
01.488  -2.353515625
01.494  -2.36328125
01.498  -2.36328125
01.503  -2.392578125
01.508  -2.412109375
01.512  -2.40234375
01.517  -2.412109375
01.521  -2.421875
01.526  -2.451171875
01.530  -2.451171875
01.536  -2.451171875
01.541  -2.4609375
01.545  -2.490234375
01.550  -2.5
01.554  -2.5
01.559  -2.509765625
01.563  -2.529296875
01.568  -2.548828125
01.573  -2.548828125
01.578  -2.55859375
01.583  -2.578125
01.587  -2.59765625
01.592  -2.59765625
01.596  -2.607421875
01.601  -2.626953125
01.606  -2.646484375
01.610  -2.65625
01.615  -2.65625
01.619  -2.666015625
01.625  -2.6953125
01.629  -2.71484375
01.634  -2.71484375
01.639  -2.724609375
01.643  -2.744140625
01.648  -2.7734375
01.652  -2.7734375
01.657  -2.783203125
01.661  -2.8125
01.667  -2.83203125
01.672  -2.83203125
01.676  -2.841796875
01.681  -2.861328125
01.685  -2.890625
01.690  -2.900390625
01.694  -2.900390625
01.699  -2.919921875
01.704  -2.939453125
01.709  -2.939453125
01.714  -2.919921875
01.718  -2.91015625
01.723  -2.900390625
01.727  -2.890625
01.732  -2.861328125
01.736  -2.822265625
01.741  -2.802734375
01.746  -2.783203125
01.751  -2.734375
01.756  -2.705078125
01.760  -2.666015625
01.765  -2.646484375
01.769  -2.607421875
01.774  -2.55859375
01.779  -2.529296875
01.783  -2.509765625
01.788  -2.48046875
01.798  -2.412109375
01.802  -2.40234375
01.807  -2.392578125
01.812  -2.353515625
01.816  -2.34375
01.821  -2.32421875
01.825  -2.32421875
01.830  -2.3046875
01.835  -2.28515625
01.840  -2.275390625
01.845  -2.28515625
01.849  -2.275390625
01.854  -2.265625
01.858  -2.255859375
01.863  -2.275390625
01.867  -2.28515625
01.872  -2.265625
01.878  -2.265625
01.882  -2.265625
01.887  -2.275390625
01.891  -2.275390625
01.896  -2.275390625
01.900  -2.28515625
01.905  -2.3046875
01.910  -2.314453125
01.914  -2.314453125
01.920  -2.32421875
01.924  -2.34375
01.929  -2.353515625
01.933  -2.353515625
01.938  -2.36328125
01.943  -2.392578125
01.947  -2.40234375
01.952  -2.40234375
01.956  -2.40234375
01.962  -2.421875
01.966  -2.44140625
01.971  -2.431640625
01.976  -2.431640625
01.980  -2.44140625
01.985  -2.4609375
01.989  -2.4609375
01.994  -2.4609375
01.998  -2.4609375
02.003  -2.48046875
02.009  -2.490234375
02.013  -2.48046875
02.018  -2.48046875
02.022  -2.5
02.027  -2.509765625
02.031  -2.5
02.036  -2.5
02.041  -2.509765625
02.045  -2.5390625
02.051  -2.529296875
02.055  -2.529296875
02.060  -2.5390625
02.064  -2.55859375
02.069  -2.568359375
02.074  -2.568359375
02.078  -2.578125
02.083  -2.59765625
02.087  -2.6171875
02.093  -2.607421875
02.097  -2.6171875
02.102  -2.63671875
02.107  -2.65625
02.111  -2.65625
02.116  -2.666015625
02.120  -2.67578125
02.125  -2.705078125
02.129  -2.705078125
02.135  -2.705078125
02.140  -2.71484375
02.144  -2.744140625
02.149  -2.75390625
02.153  -2.75390625
02.158  -2.75390625
02.162  -2.783203125
02.167  -2.802734375
02.172  -2.79296875
02.177  -2.802734375
02.182  -2.822265625
02.186  -2.841796875
02.191  -2.841796875
02.195  -2.8515625
02.200  -2.87109375
02.205  -2.890625
02.209  -2.900390625
02.214  -2.900390625
02.219  -2.91015625
02.224  -2.939453125
02.228  -2.94921875
02.233  -2.94921875
02.238  -2.958984375
02.242  -2.978515625
02.247  -2.998046875
02.251  -2.998046875
02.256  -3.0078125
02.261  -3.037109375
02.266  -3.056640625
02.271  -3.056640625
02.275  -3.06640625
02.280  -3.076171875
02.284  -3.10546875
02.289  -3.115234375
02.293  -3.115234375
02.298  -3.134765625
02.304  -3.154296875
02.308  -3.173828125
02.313  -3.1640625
02.317  -3.1640625
02.322  -3.1640625
02.326  -3.1640625
02.331  -3.14453125
02.335  -3.115234375
02.340  -3.095703125
02.346  -3.0859375
02.350  -3.046875
02.355  -2.998046875
02.359  -2.96875
02.364  -2.900390625
02.373  -2.841796875
02.378  -2.802734375
02.382  -2.7734375
02.387  -2.744140625
02.392  -2.6953125
02.397  -2.65625
02.401  -2.6171875
02.406  -2.59765625
02.411  -2.55859375
02.415  -2.529296875
02.420  -2.5
02.424  -2.490234375
02.429  -2.4609375
02.434  -2.44140625
02.439  -2.421875
02.444  -2.412109375
02.448  -2.392578125
02.453  -2.373046875
02.457  -2.36328125
02.462  -2.36328125
02.466  -2.36328125
02.471  -2.34375
02.477  -2.32421875
02.481  -2.32421875
02.486  -2.34375
02.490  -2.32421875
02.495  -2.314453125
02.499  -2.314453125
02.504  -2.333984375
02.509  -2.32421875
02.513  -2.32421875
02.519  -2.32421875
02.523  -2.333984375
02.528  -2.34375
02.532  -2.333984375
02.537  -2.34375
02.542  -2.353515625
02.546  -2.373046875
02.551  -2.36328125
02.555  -2.36328125
02.561  -2.373046875
02.565  -2.392578125
02.570  -2.392578125
02.575  -2.3828125
02.579  -2.392578125
02.584  -2.412109375
02.588  -2.421875
02.593  -2.40234375
02.597  -2.412109375
02.603  -2.421875
02.608  -2.431640625
02.612  -2.421875
02.617  -2.421875
02.621  -2.431640625
02.626  -2.44140625
02.630  -2.431640625
02.635  -2.421875
02.640  -2.44140625
02.645  -2.451171875
02.650  -2.451171875
02.654  -2.44140625
02.659  -2.44140625
02.663  -2.4609375
02.668  -2.470703125
02.673  -2.4609375
02.677  -2.451171875
02.682  -2.470703125
02.687  -2.48046875
02.692  -2.470703125
02.696  -2.470703125
02.701  -2.48046875
02.706  -2.5
02.710  -2.5
02.715  -2.5
02.719  -2.5
02.724  -2.529296875
02.728  -2.529296875
02.734  -2.51953125
02.739  -2.529296875
02.743  -2.548828125
02.748  -2.55859375
02.752  -2.55859375
02.757  -2.568359375
02.761  -2.578125
02.766  -2.59765625
02.771  -2.59765625
02.776  -2.607421875
02.781  -2.607421875
02.785  -2.63671875
02.790  -2.626953125
02.794  -2.63671875
02.799  -2.646484375
02.804  -2.666015625
02.808  -2.67578125
02.813  -2.67578125
02.818  -2.685546875
02.823  -2.705078125
02.827  -2.724609375
02.832  -2.71484375
02.837  -2.724609375
02.841  -2.734375
02.846  -2.763671875
02.850  -2.763671875
02.855  -2.763671875
02.860  -2.783203125
02.865  -2.802734375
02.870  -2.8125
02.874  -2.8125
02.879  -2.83203125
02.883  -2.8515625
02.888  -2.87109375
02.892  -2.861328125
02.897  -2.880859375
02.903  -2.900390625
02.907  -2.9296875
02.912  -2.9296875
02.916  -2.939453125
02.921  -2.939453125
02.925  -2.94921875
02.930  -2.94921875
02.934  -2.9296875
02.939  -2.919921875
02.945  -2.91015625
02.949  -2.890625
02.954  -2.8515625
02.958  -2.822265625
02.963  -2.802734375
02.967  -2.763671875
02.972  -2.71484375
02.977  -2.67578125
02.981  -2.65625
02.987  -2.6171875
02.991  -2.568359375
02.996  -2.529296875
03.000  -2.490234375
03.005  -2.48046875
03.010  -2.44140625
03.014  -2.40234375
03.019  -2.373046875
03.023  -2.353515625
03.029  -2.32421875
03.033  -2.294921875
03.038  -2.275390625
03.043  -2.275390625
03.047  -2.265625
03.052  -2.236328125
03.056  -2.2265625
03.061  -2.2265625
03.065  -2.216796875
03.071  -2.20703125
03.076  -2.197265625
03.080  -2.197265625
03.085  -2.216796875
03.089  -2.20703125
03.094  -2.197265625
03.098  -2.197265625
03.103  -2.216796875
03.108  -2.216796875
03.112  -2.20703125
03.118  -2.216796875
03.122  -2.2265625
03.127  -2.236328125
03.131  -2.2265625
03.136  -2.236328125
03.141  -2.24609375
03.145  -2.265625
03.150  -2.265625
03.154  -2.265625
03.160  -2.275390625
03.164  -2.294921875
03.169  -2.3046875
03.174  -2.294921875
03.178  -2.3046875
03.183  -2.32421875
03.187  -2.333984375
03.192  -2.32421875
03.196  -2.32421875
03.202  -2.34375
03.207  -2.353515625
03.211  -2.34375
03.216  -2.34375
03.220  -2.353515625
03.225  -2.373046875
03.229  -2.373046875
03.234  -2.36328125
03.239  -2.373046875
03.244  -2.392578125
03.249  -2.392578125
03.253  -2.392578125
03.258  -2.392578125
03.262  -2.412109375
03.267  -2.421875
03.272  -2.412109375
03.276  -2.412109375
03.281  -2.421875
03.286  -2.431640625
03.291  -2.431640625
03.295  -2.431640625
03.300  -2.44140625
03.305  -2.470703125
03.309  -2.470703125
03.314  -2.4609375
03.318  -2.470703125
03.323  -2.5
03.328  -2.5
03.338  -2.5
03.342  -2.51953125
03.347  -2.5390625
03.351  -2.5390625
03.356  -2.5390625
03.360  -2.55859375
03.365  -2.578125
03.371  -2.578125
03.375  -2.578125
03.380  -2.59765625
03.384  -2.6171875
03.389  -2.626953125
03.393  -2.626953125
03.398  -2.63671875
03.403  -2.65625
03.407  -2.685546875
03.413  -2.67578125
03.417  -2.67578125
03.422  -2.6953125
03.426  -2.71484375
03.431  -2.71484375
03.436  -2.724609375
03.440  -2.734375
03.445  -2.763671875
03.449  -2.763671875
03.455  -2.7734375
03.459  -2.7734375
03.464  -2.802734375
03.469  -2.822265625
03.473  -2.8125
03.478  -2.83203125
03.482  -2.861328125
03.487  -2.87109375
03.491  -2.87109375
03.496  -2.880859375
03.502  -2.900390625
03.506  -2.9296875
03.511  -2.9296875
03.515  -2.939453125
03.520  -2.94921875
03.524  -2.96875
03.529  -2.978515625
03.533  -2.96875
03.538  -2.958984375
03.544  -2.94921875
03.548  -2.939453125
03.553  -2.900390625
03.557  -2.880859375
03.562  -2.861328125
03.566  -2.83203125
03.571  -2.783203125
03.576  -2.744140625
03.580  -2.71484375
03.586  -2.685546875
03.590  -2.63671875
03.595  -2.587890625
03.599  -2.548828125
03.604  -2.529296875
03.609  -2.48046875
03.613  -2.44140625
03.618  -2.40234375
03.622  -2.392578125
03.628  -2.353515625
03.632  -2.32421875
03.637  -2.294921875
03.642  -2.28515625
03.646  -2.275390625
03.651  -2.24609375
03.655  -2.2265625
03.660  -2.2265625
03.664  -2.2265625
03.670  -2.20703125
03.675  -2.197265625
03.679  -2.1875
03.684  -2.197265625
03.688  -2.197265625
03.693  -2.1875
03.697  -2.177734375
03.702  -2.197265625
03.707  -2.197265625
03.712  -2.1875
03.717  -2.197265625
03.721  -2.20703125
03.726  -2.2265625
03.730  -2.216796875
03.735  -2.216796875
03.740  -2.236328125
03.744  -2.255859375
03.749  -2.265625
03.754  -2.255859375
03.759  -2.265625
03.763  -2.28515625
03.768  -2.3046875
03.773  -2.294921875
03.777  -2.294921875
03.782  -2.3046875
03.786  -2.32421875
03.791  -2.32421875
03.795  -2.32421875
03.801  -2.333984375
03.806  -2.34375
03.810  -2.34375
03.815  -2.333984375
03.819  -2.34375
03.824  -2.353515625
03.828  -2.353515625
03.833  -2.34375
03.839  -2.34375
03.843  -2.36328125
03.848  -2.373046875
03.852  -2.353515625
03.857  -2.353515625
03.861  -2.373046875
03.866  -2.3828125
03.871  -2.373046875
03.875  -2.373046875
03.880  -2.3828125
03.885  -2.40234375
03.890  -2.392578125
03.894  -2.392578125
03.899  -2.40234375
03.904  -2.421875
03.908  -2.421875
03.913  -2.421875
03.917  -2.421875
03.922  -2.44140625
03.927  -2.451171875
03.932  -2.451171875
03.937  -2.451171875
03.941  -2.470703125
03.946  -2.490234375
03.950  -2.490234375
03.955  -2.490234375
03.959  -2.5
03.964  -2.51953125
03.970  -2.529296875
03.974  -2.529296875
03.979  -2.5390625
03.983  -2.55859375
03.988  -2.568359375
03.992  -2.568359375
03.997  -2.578125
04.002  -2.59765625
04.006  -2.626953125
04.012  -2.626953125
04.016  -2.626953125
04.021  -2.63671875
04.025  -2.666015625
04.030  -2.666015625
04.035  -2.67578125
04.039  -2.685546875
04.044  -2.71484375
04.048  -2.71484375
04.054  -2.71484375
04.058  -2.734375
04.063  -2.75390625
04.068  -2.7734375
04.072  -2.763671875
04.077  -2.783203125
04.081  -2.802734375
04.086  -2.822265625
04.090  -2.83203125
04.096  -2.83203125
04.101  -2.8515625
04.105  -2.880859375
04.110  -2.880859375
04.114  -2.880859375
04.119  -2.890625
04.123  -2.91015625
04.128  -2.900390625
04.132  -2.880859375
04.138  -2.861328125
04.143  -2.8515625
04.147  -2.841796875
04.152  -2.79296875
04.156  -2.763671875
04.161  -2.734375
04.165  -2.71484375
04.170  -2.65625
04.175  -2.607421875
04.179  -2.578125
04.185  -2.55859375
04.189  -2.51953125
04.194  -2.470703125
04.198  -2.431640625
04.203  -2.412109375
04.208  -2.3828125
04.212  -2.34375
04.217  -2.314453125
04.221  -2.3046875
04.227  -2.275390625
04.231  -2.24609375
04.236  -2.2265625
04.241  -2.197265625
04.245  -2.216796875
04.250  -2.177734375
04.254  -2.158203125
04.259  -2.1484375
04.263  -2.16796875
04.269  -2.1484375
04.274  -2.12890625
04.278  -2.12890625
04.283  -2.138671875
04.287  -2.138671875
04.292  -2.12890625
04.296  -2.12890625
04.301  -2.138671875
04.306  -2.1484375
04.311  -2.138671875
04.316  -2.138671875
04.320  -2.1484375
04.325  -2.16796875
04.329  -2.158203125
04.334  -2.158203125
04.339  -2.16796875
04.343  -2.1875
04.348  -2.20703125
04.353  -2.197265625
04.358  -2.197265625
04.362  -2.216796875
04.367  -2.236328125
04.372  -2.2265625
04.376  -2.2265625
04.381  -2.236328125
04.385  -2.255859375
04.390  -2.24609375
04.395  -2.24609375
04.400  -2.255859375
04.405  -2.275390625
04.409  -2.265625
04.414  -2.255859375
04.418  -2.265625
04.423  -2.275390625
04.427  -2.275390625
04.432  -2.265625
04.438  -2.265625
04.442  -2.275390625
04.447  -2.28515625
04.451  -2.275390625
04.456  -2.275390625
04.460  -2.28515625
04.465  -2.294921875
04.470  -2.294921875
04.474  -2.294921875
04.480  -2.294921875
04.484  -2.314453125
04.489  -2.314453125
04.493  -2.3046875
04.498  -2.314453125
04.503  -2.333984375
04.507  -2.34375
04.512  -2.333984375
04.516  -2.333984375
04.522  -2.353515625
04.526  -2.373046875
04.531  -2.36328125
04.536  -2.36328125
04.540  -2.3828125
04.545  -2.40234375
04.549  -2.40234375
04.554  -2.40234375
04.558  -2.412109375
04.563  -2.431640625
04.569  -2.44140625
04.573  -2.431640625
04.578  -2.451171875
04.582  -2.470703125
04.587  -2.490234375
04.591  -2.48046875
04.596  -2.490234375
04.601  -2.509765625
04.605  -2.529296875
04.611  -2.529296875
04.615  -2.529296875
04.620  -2.5390625
04.624  -2.568359375
04.629  -2.578125
04.634  -2.578125
04.638  -2.587890625
04.643  -2.607421875
04.647  -2.626953125
04.653  -2.626953125
04.657  -2.63671875
04.662  -2.65625
04.667  -2.67578125
04.671  -2.67578125
04.676  -2.685546875
04.680  -2.705078125
04.685  -2.734375
04.689  -2.734375
04.695  -2.744140625
04.700  -2.75390625
04.704  -2.783203125
04.709  -2.79296875
04.713  -2.783203125
04.718  -2.783203125
04.722  -2.79296875
04.727  -2.783203125
04.731  -2.763671875
04.737  -2.734375
04.742  -2.724609375
04.746  -2.705078125
04.751  -2.65625
04.755  -2.6171875
04.760  -2.587890625
04.764  -2.55859375
04.769  -2.5
04.774  -2.44140625
04.779  -2.412109375
04.784  -2.3828125
04.788  -2.34375
04.793  -2.294921875
04.797  -2.255859375
04.802  -2.2265625
04.807  -2.197265625
04.811  -2.158203125
04.816  -2.119140625
04.821  -2.099609375
04.826  -2.08984375
04.830  -2.05078125
04.835  -2.021484375
04.840  -2.01171875
04.844  -2.01171875
04.849  -1.982421875
04.853  -1.962890625
04.858  -1.953125
04.863  -1.953125
04.868  -1.953125
04.873  -1.923828125
04.877  -1.9140625
04.882  -1.923828125
04.886  -1.923828125
04.891  -1.9140625
04.895  -1.904296875
04.900  -1.9140625
04.906  -1.923828125
04.910  -1.9140625
04.915  -1.9140625
04.919  -1.923828125
04.924  -1.93359375
04.928  -1.93359375
04.933  -1.93359375
04.938  -1.943359375
04.942  -1.962890625
04.947  -1.97265625
04.952  -1.962890625
04.957  -1.962890625
04.961  -1.982421875
04.966  -1.9921875
04.971  -1.9921875
04.975  -1.9921875
04.980  -2.001953125
04.984  -2.01171875
04.989  -2.01171875
04.994  -2.01171875
04.999  -2.01171875
05.004  -2.03125
05.013  -2.021484375
05.017  -2.021484375
05.022  -2.041015625
05.026  -2.041015625
05.031  -2.03125
05.037  -2.03125
05.041  -2.041015625
05.046  -2.05078125
05.050  -2.041015625
05.055  -2.041015625
05.059  -2.05078125
05.064  -2.060546875
05.069  -2.060546875
05.073  -2.060546875
05.079  -2.060546875
05.083  -2.080078125
05.088  -2.08984375
05.092  -2.080078125
05.097  -2.08984375
05.102  -2.109375
05.106  -2.119140625
05.111  -2.109375
05.115  -2.109375
05.121  -2.12890625
05.125  -2.1484375
05.130  -2.1484375
05.135  -2.1484375
05.139  -2.158203125
05.144  -2.1875
05.148  -2.1875
05.153  -2.1875
05.157  -2.197265625
05.163  -2.216796875
05.168  -2.2265625
05.172  -2.2265625
05.177  -2.236328125
05.181  -2.255859375
05.186  -2.275390625
05.190  -2.275390625
05.195  -2.275390625
05.200  -2.294921875
05.205  -2.32421875
05.210  -2.32421875
05.214  -2.32421875
05.219  -2.333984375
05.223  -2.353515625
05.228  -2.373046875
05.233  -2.3828125
05.237  -2.392578125
05.242  -2.373046875
05.247  -2.3828125
05.252  -2.431640625
05.256  -2.451171875
05.261  -2.44140625
05.266  -2.44140625
05.270  -2.490234375
05.275  -2.509765625
05.279  -2.509765625
05.284  -2.5
05.288  -2.5390625
05.294  -2.568359375
05.299  -2.578125
05.303  -2.55859375
05.308  -2.587890625
05.312  -2.626953125
05.317  -2.626953125
05.321  -2.59765625
05.326  -2.587890625
05.330  -2.607421875
05.336  -2.59765625
05.341  -2.55859375
05.345  -2.509765625
05.350  -2.51953125
05.354  -2.490234375
05.359  -2.451171875
05.363  -2.3828125
05.368  -2.36328125
05.373  -2.333984375
05.378  -2.294921875
05.383  -2.2265625
05.387  -2.1875
05.392  -2.177734375
05.396  -2.138671875
05.401  -2.0703125
05.406  -2.021484375
05.410  -2.03125
05.415  -2.001953125
05.420  -1.962890625
05.425  -1.9140625
05.429  -1.9140625
05.434  -1.826171875
05.448  -1.826171875
05.452  -1.8359375
05.457  -1.81640625
05.462  -1.787109375
05.467  -1.767578125
05.472  -1.796875
05.476  -1.787109375
05.481  -1.767578125
05.485  -1.73828125
05.490  -1.77734375
05.494  -1.787109375
05.499  -1.767578125
05.505  -1.73828125
05.509  -1.7578125
05.514  -1.787109375
05.518  -1.77734375
05.523  -1.7578125
05.527  -1.767578125
05.532  -1.806640625
05.537  -1.806640625
05.541  -1.787109375
05.547  -1.796875
05.551  -1.8359375
05.556  -1.845703125
05.560  -1.826171875
05.565  -1.81640625
05.570  -1.85546875
05.574  -1.85546875
05.579  -1.85546875
05.583  -1.875
05.589  -1.884765625
05.593  -1.875
05.603  -1.884765625
05.607  -1.89453125
05.612  -1.875
05.616  -1.884765625
05.621  -1.89453125
05.625  -1.904296875
05.631  -1.89453125
05.636  -1.89453125
05.640  -1.904296875
05.645  -1.9140625
05.649  -1.9140625
05.654  -1.9140625
05.658  -1.9140625
05.663  -1.93359375
05.668  -1.93359375
05.672  -1.923828125
05.678  -1.93359375
05.682  -1.953125
05.687  -1.953125
05.691  -1.953125
05.696  -1.953125
05.701  -1.97265625
05.705  -1.9921875
05.710  -1.982421875
05.714  -1.982421875
05.720  -2.001953125
05.724  -2.021484375
05.729  -2.03125
05.734  -2.03125
05.738  -2.041015625
05.743  -2.060546875
05.747  -2.0703125
05.752  -2.0703125
05.756  -2.080078125
05.762  -2.099609375
05.767  -2.109375
05.771  -2.119140625
05.776  -2.119140625
05.780  -2.138671875
05.785  -2.16796875
05.789  -2.16796875
05.794  -2.16796875
05.799  -2.1875
05.804  -2.216796875
05.809  -2.2265625
05.813  -2.2265625
05.818  -2.2265625
05.822  -2.265625
05.827  -2.28515625
05.832  -2.28515625
05.836  -2.294921875
05.841  -2.314453125
05.846  -2.333984375
05.851  -2.333984375
05.855  -2.353515625
05.860  -2.36328125
05.865  -2.40234375
05.869  -2.40234375
05.874  -2.412109375
05.878  -2.421875
05.883  -2.4609375
05.888  -2.470703125
05.893  -2.470703125
05.898  -2.490234375
05.902  -2.51953125
05.907  -2.548828125
05.911  -2.548828125
05.916  -2.55859375
05.920  -2.568359375
05.925  -2.59765625
05.930  -2.578125
05.935  -2.578125
05.940  -2.568359375
05.944  -2.55859375
05.949  -2.5390625
05.953  -2.5
05.958  -2.48046875
05.962  -2.4609375
05.967  -2.431640625
05.973  -2.373046875
05.977  -2.333984375
05.982  -2.3046875
05.986  -2.275390625
05.991  -2.2265625
05.995  -2.177734375
06.000  -2.138671875
06.005  -2.119140625
06.009  -2.0703125
06.015  -2.03125
06.019  -2.001953125
06.024  -1.9921875
06.028  -1.962890625
06.033  -1.923828125
06.038  -1.904296875
06.042  -1.904296875
06.047  -1.884765625
06.051  -1.85546875
06.056  -1.8359375
06.061  -1.845703125
06.066  -1.845703125
06.071  -1.81640625
06.075  -1.806640625
06.080  -1.81640625
06.084  -1.826171875
06.089  -1.81640625
06.093  -1.806640625
06.098  -1.806640625
06.104  -1.81640625
06.108  -1.826171875
06.113  -1.81640625
06.117  -1.81640625
06.122  -1.8359375
06.126  -1.85546875
06.131  -1.845703125
06.136  -1.845703125
06.140  -1.865234375
06.146  -1.884765625
06.150  -1.884765625
06.155  -1.884765625
06.159  -1.89453125
06.164  -1.923828125
06.169  -1.923828125
06.173  -1.9140625
06.178  -1.923828125
06.182  -1.943359375
06.188  -1.953125
06.192  -1.943359375
06.197  -1.953125
06.202  -1.962890625
06.206  -1.97265625
06.211  -1.962890625
06.215  -1.962890625
06.220  -1.97265625
06.224  -1.9921875
06.230  -1.982421875
06.235  -1.97265625
06.239  -1.97265625
06.244  -1.9921875
06.248  -1.9921875
06.253  -1.982421875
06.257  -1.982421875
06.262  -1.9921875
06.267  -2.001953125
06.272  -1.9921875
06.277  -2.001953125
06.281  -2.01171875
06.286  -2.021484375
06.290  -2.01171875
06.295  -2.01171875
06.300  -2.03125
06.304  -2.041015625
06.309  -2.041015625
06.314  -2.03125
06.319  -2.05078125
06.323  -2.0703125
06.328  -2.080078125
06.333  -2.080078125
06.337  -2.080078125
06.342  -2.109375
06.346  -2.119140625
06.351  -2.119140625
06.355  -2.119140625
06.361  -2.138671875
06.366  -2.158203125
06.370  -2.158203125
06.375  -2.16796875
06.379  -2.177734375
06.384  -2.20703125
06.388  -2.20703125
06.393  -2.20703125
06.399  -2.216796875
06.403  -2.236328125
06.408  -2.255859375
06.412  -2.24609375
06.417  -2.255859375
06.421  -2.275390625
06.426  -2.3046875
06.431  -2.3046875
06.435  -2.3046875
06.440  -2.32421875
06.445  -2.34375
06.450  -2.34375
06.454  -2.353515625
06.459  -2.373046875
06.464  -2.40234375
06.468  -2.40234375
06.473  -2.412109375
06.477  -2.421875
06.482  -2.451171875
06.487  -2.470703125
06.492  -2.470703125
06.497  -2.48046875
06.501  -2.509765625
06.506  -2.529296875
06.510  -2.529296875
06.515  -2.529296875
06.519  -2.5390625
06.524  -2.55859375
06.529  -2.5390625
06.534  -2.51953125
06.539  -2.509765625
06.543  -2.5
06.548  -2.470703125
06.552  -2.421875
06.557  -2.392578125
06.561  -2.373046875
06.566  -2.34375
06.572  -2.28515625
06.576  -2.24609375
06.581  -2.216796875
06.585  -2.1875
06.590  -2.138671875
06.594  -2.08984375
06.599  -2.060546875
06.604  -2.041015625
06.608  -2.001953125
06.614  -1.97265625
06.618  -1.943359375
06.623  -1.93359375
06.627  -1.904296875
06.632  -1.875
06.637  -1.85546875
06.641  -1.85546875
06.646  -1.845703125
06.650  -1.81640625
06.656  -1.796875
06.660  -1.806640625
06.665  -1.806640625
06.670  -1.796875
06.674  -1.787109375
06.679  -1.787109375
06.683  -1.796875
06.688  -1.787109375
06.692  -1.77734375
06.698  -1.787109375
06.703  -1.806640625
06.707  -1.806640625
06.712  -1.796875
06.716  -1.806640625
06.721  -1.826171875
06.725  -1.8359375
06.730  -1.8359375
06.735  -1.845703125
06.739  -1.85546875
06.745  -1.875
06.749  -1.875
06.754  -1.884765625
06.758  -1.89453125
06.763  -1.9140625
06.768  -1.923828125
06.772  -1.923828125
06.777  -1.923828125
06.781  -1.943359375
06.787  -1.953125
06.791  -1.943359375
06.796  -1.953125
06.801  -1.962890625
06.805  -1.982421875
06.810  -1.962890625
06.814  -1.962890625
06.819  -1.97265625
06.823  -1.982421875
06.829  -1.9921875
06.834  -1.982421875
06.838  -1.982421875
06.843  -2.001953125
06.847  -2.001953125
06.852  -2.001953125
06.856  -2.001953125
06.861  -2.01171875
06.866  -2.021484375
06.871  -2.01171875
06.876  -2.01171875
06.880  -2.03125
06.885  -2.041015625
06.889  -2.041015625
06.894  -2.03125
06.899  -2.05078125
06.903  -2.0703125
06.908  -2.080078125
06.913  -2.0703125
06.918  -2.080078125
06.922  -2.099609375
06.927  -2.119140625
06.932  -2.109375
06.936  -2.119140625
06.941  -2.138671875
06.945  -2.158203125
06.950  -2.158203125
06.955  -2.158203125
06.960  -2.177734375
06.965  -2.197265625
06.969  -2.197265625
06.974  -2.20703125
06.978  -2.216796875
06.983  -2.255859375
06.987  -2.255859375
06.992  -2.255859375
06.998  -2.265625
07.002  -2.294921875
07.007  -2.314453125
07.011  -2.3046875
07.016  -2.314453125
07.020  -2.34375
07.025  -2.353515625
07.030  -2.36328125
07.034  -2.36328125
07.040  -2.3828125
07.044  -2.40234375
07.049  -2.40234375
07.053  -2.412109375
07.058  -2.431640625
07.063  -2.4609375
07.067  -2.470703125
07.072  -2.470703125
07.076  -2.509765625
07.086  -2.529296875
07.091  -2.529296875
07.096  -2.5390625
07.100  -2.568359375
07.105  -2.59765625
07.109  -2.59765625
07.114  -2.59765625
07.118  -2.6171875
07.123  -2.626953125
07.128  -2.6171875
07.133  -2.59765625
07.138  -2.587890625
07.142  -2.578125
07.147  -2.55859375
07.151  -2.509765625
07.156  -2.48046875
07.160  -2.451171875
07.165  -2.421875
07.171  -2.36328125
07.175  -2.314453125
07.180  -2.275390625
07.184  -2.24609375
07.189  -2.197265625
07.193  -2.1484375
07.198  -2.109375
