-00.000  -5.0
00.004  -5.0
00.007  -5.0
00.012  -4.1796875
00.017  -3.115234375
00.021  -1.97265625
00.026  -0.9375
00.031  0.087890625
00.036  1.103515625
00.041  1.19140625
00.046  1.19140625
00.050  1.19140625
00.056  1.19140625
00.061  1.19140625
00.066  1.19140625
00.071  1.19140625
00.075  1.19140625
00.080  1.19140625
00.085  1.19140625
00.090  1.19140625
00.096  1.19140625
00.101  1.19140625
00.105  1.19140625
00.110  1.19140625
00.115  1.19140625
00.120  1.19140625
00.125  1.19140625
00.130  1.19140625
00.134  1.19140625
00.140  1.19140625
00.145  1.19140625
00.150  1.19140625
00.155  1.19140625
00.160  1.19140625
00.164  1.19140625
00.169  1.19140625
00.174  1.19140625
00.179  1.19140625
00.185  1.19140625
00.189  1.19140625
00.194  1.19140625
00.199  1.19140625
00.204  1.19140625
00.209  1.19140625
00.214  1.19140625
00.218  1.19140625
00.224  1.19140625
00.229  1.19140625
00.234  1.19140625
00.239  1.19140625
00.244  1.19140625
00.248  1.19140625
00.253  1.19140625
00.258  1.19140625
00.263  1.044921875
00.269  0.615234375
00.273  0.21484375
00.278  -0.17578125
00.283  -0.64453125
00.288  -1.162109375
00.293  -1.669921875
00.298  -2.16796875
00.302  -2.783203125
00.307  -3.447265625
00.313  -4.111328125
00.318  -4.716796875
00.322  -5.0
00.326  -5.0
00.330  -5.0
00.334  -5.0
00.338  -5.0
00.341  -5.0
00.345  -5.0
00.349  -5.0
00.354  -5.0
00.358  -5.0
00.362  -5.0
00.365  -5.0
00.369  -5.0
00.373  -5.0
00.377  -5.0
00.381  -5.0
00.384  -5.0
00.388  -5.0
00.392  -5.0
00.397  -5.0
00.401  -5.0
00.404  -5.0
00.408  -5.0
00.412  -5.0
00.416  -5.0
00.420  -5.0
00.423  -5.0
00.427  -5.0
00.431  -5.0
00.435  -5.0
00.440  -5.0
00.444  -5.0
00.447  -5.0
00.451  -5.0
00.455  -5.0
00.459  -5.0
00.463  -5.0
00.466  -5.0
00.470  -5.0
00.474  -5.0
00.478  -5.0
00.483  -5.0
00.486  -5.0
00.490  -5.0
00.494  -5.0
00.498  -5.0
00.502  -5.0
00.505  -5.0
00.509  -5.0
00.513  -5.0
00.517  -5.0
00.522  -5.0
00.525  -5.0
00.529  -5.0
00.533  -5.0
00.537  -5.0
00.541  -5.0
00.545  -5.0
00.548  -5.0
00.552  -5.0
00.556  -5.0
00.560  -5.0
00.565  -5.0
00.568  -5.0
00.572  -5.0
00.576  -5.0
00.580  -5.0
00.584  -5.0
00.587  -5.0
00.591  -5.0
00.595  -5.0
00.599  -5.0
00.603  -5.0
00.606  -5.0
00.611  -5.0
00.615  -5.0
00.619  -5.0
00.623  -5.0
00.627  -5.0
00.630  -5.0
00.634  -5.0
00.638  -5.0
00.642  -5.0
00.646  -5.0
00.650  -5.0
00.654  -5.0
00.658  -5.0
00.662  -5.0
00.666  -5.0
00.669  -5.0
00.673  -5.0
00.677  -5.0
00.681  -5.0
00.685  -5.0
00.688  -5.0
00.693  -5.0
00.697  -5.0
00.701  -5.0
00.705  -5.0
00.708  -5.0
00.712  -5.0
00.716  -5.0
00.720  -5.0
00.724  -5.0
00.728  -5.0
00.731  -5.0
00.736  -5.0
00.740  -5.0
00.744  -5.0
00.748  -5.0
00.751  -5.0
00.755  -5.0
00.759  -5.0
00.763  -5.0
00.767  -5.0
00.770  -5.0
00.774  -5.0
00.779  -5.0
00.783  -5.0
00.787  -5.0
00.790  -5.0
00.794  -5.0
00.798  -5.0
00.802  -5.0
00.806  -5.0
00.810  -5.0
00.813  -5.0
00.817  -5.0
00.822  -5.0
00.826  -5.0
00.830  -5.0
00.833  -5.0
00.837  -5.0
00.841  -5.0
00.845  -5.0
00.849  -5.0
00.852  -5.0
00.856  -5.0
00.860  -5.0
00.865  -5.0
00.869  -5.0
00.872  -5.0
00.876  -5.0
00.880  -5.0
00.884  -5.0
00.888  -5.0
00.892  -5.0
00.895  -5.0
00.899  -5.0
00.903  -5.0
00.908  -5.0
00.912  -5.0
00.915  -5.0
00.919  -5.0
00.923  -5.0
00.927  -5.0
00.931  -5.0
00.934  -5.0
00.938  -5.0
00.942  -5.0
00.946  -5.0
00.951  -5.0
00.954  -5.0
00.958  -5.0
00.962  -5.0
00.966  -5.0
00.970  -5.0
00.973  -5.0
00.977  -5.0
00.981  -5.0
00.985  -5.0
00.989  -5.0
00.994  -5.0
00.997  -5.0
01.001  -5.0
01.005  -5.0
01.009  -5.0
01.013  -5.0
01.016  -5.0
01.020  -5.0
01.024  -5.0
01.028  -5.0
01.032  -5.0
01.036  -5.0
01.040  -5.0
01.044  -5.0
01.048  -5.0
01.052  -5.0
01.055  -5.0
01.059  -5.0
01.063  -5.0
01.067  -5.0
01.071  -5.0
01.075  -5.0
01.079  -5.0
01.083  -5.0
01.087  -5.0
01.091  -5.0
01.095  -5.0
01.098  -5.0
01.102  -5.0
01.106  -5.0
01.110  -5.0
01.114  -5.0
01.117  -5.0
01.122  -5.0
01.126  -5.0
01.130  -5.0
01.134  -5.0
01.137  -5.0
01.141  -5.0
01.145  -5.0
01.149  -5.0
01.153  -5.0
01.156  -5.0
01.160  -5.0
01.165  -5.0
01.169  -5.0
01.173  -5.0
01.177  -5.0
01.180  -5.0
01.184  -5.0
01.188  -5.0
01.192  -5.0
01.196  -5.0
01.199  -5.0
01.203  -5.0
01.208  -5.0
01.212  -5.0
01.216  -5.0
01.219  -5.0
01.223  -5.0
01.227  -5.0
01.231  -5.0
01.235  -5.0
01.238  -5.0
01.242  -5.0
01.246  -5.0
01.251  -5.0
01.255  -5.0
01.259  -5.0
01.262  -5.0
01.266  -5.0
01.270  -5.0
01.274  -5.0
01.278  -5.0
01.281  -5.0
01.285  -4.98046875
01.290  -4.78515625
01.294  -4.482421875
01.299  -4.189453125
01.303  -3.88671875
01.307  -3.583984375
01.312  -3.291015625
01.317  -3.02734375
01.322  -2.763671875
01.327  -2.5
01.333  -2.265625
01.337  -2.05078125
01.342  -1.8359375
01.347  -1.630859375
01.352  -1.435546875
01.357  -1.26953125
01.362  -1.103515625
01.366  -0.927734375
01.371  -0.771484375
01.377  -0.654296875
01.382  -0.517578125
01.387  -0.37109375
01.392  -0.25390625
01.396  -0.15625
01.401  -0.05859375
01.406  0.05859375
01.411  0.146484375
01.416  0.224609375
01.421  0.29296875
01.426  0.380859375
01.431  0.458984375
01.436  0.5078125
01.441  0.556640625
01.446  0.615234375
01.450  0.673828125
01.455  0.703125
01.461  0.732421875
01.466  0.78125
01.471  0.810546875
01.476  0.810546875
01.480  0.8203125
01.485  0.849609375
01.490  0.849609375
01.495  0.849609375
01.500  0.830078125
01.505  0.83984375
01.510  0.83984375
01.515  0.8203125
01.520  0.80078125
01.525  0.810546875
01.530  0.80078125
01.534  0.78125
01.539  0.751953125
01.544  0.751953125
01.550  0.7421875
01.555  0.72265625
01.560  0.68359375
01.564  0.673828125
01.569  0.6640625
01.574  0.625
01.579  0.595703125
01.584  0.576171875
01.589  0.56640625
01.594  0.546875
01.599  0.52734375
01.604  0.517578125
01.609  0.52734375
01.614  0.52734375
01.618  0.517578125
01.623  0.546875
01.628  0.56640625
01.634  0.595703125
01.639  0.60546875
01.644  0.64453125
01.648  0.68359375
01.653  0.712890625
01.658  0.732421875
01.663  0.771484375
01.668  0.8203125
01.672  0.83984375
01.678  0.849609375
01.683  0.859375
01.688  0.87890625
01.693  0.87890625
01.698  0.869140625
01.702  0.869140625
01.707  0.888671875
01.712  0.87890625
01.718  0.859375
01.723  0.859375
01.728  0.869140625
01.732  0.849609375
01.737  0.83984375
01.742  0.830078125
01.747  0.830078125
01.752  0.8203125
01.757  0.80078125
01.762  0.791015625
01.767  0.791015625
01.772  0.78125
01.777  0.76171875
01.782  0.7421875
01.786  0.703125
01.791  0.68359375
01.796  0.68359375
01.802  0.673828125
01.807  0.615234375
01.812  0.595703125
01.816  0.595703125
01.821  0.576171875
01.826  0.52734375
01.831  0.498046875
01.836  0.498046875
01.841  0.48828125
01.846  0.4296875
01.851  0.400390625
01.856  0.41015625
01.861  0.400390625
01.866  0.3515625
01.870  0.322265625
01.875  0.33203125
01.880  0.33203125
01.885  0.2734375
01.891  0.25390625
01.896  0.25390625
01.900  0.25390625
01.905  0.205078125
01.910  0.17578125
01.915  0.17578125
01.920  0.17578125
01.925  0.126953125
01.930  0.107421875
01.935  0.09765625
01.940  0.107421875
01.945  0.048828125
01.950  0.01953125
01.954  0.009765625
01.959  0.009765625
01.964  -0.0390625
01.969  -0.078125
01.975  -0.087890625
01.980  -0.087890625
01.984  -0.13671875
01.989  -0.17578125
01.994  -0.1953125
01.999  -0.205078125
02.004  -0.244140625
02.009  -0.29296875
02.013  -0.3125
02.019  -0.3125
02.024  -0.361328125
02.029  -0.41015625
02.034  -0.4296875
02.038  -0.439453125
02.043  -0.478515625
02.048  -0.537109375
02.053  -0.56640625
02.059  -0.56640625
02.064  -0.625
02.068  -0.6640625
02.073  -0.693359375
02.078  -0.693359375
02.083  -0.7421875
02.088  -0.791015625
02.093  -0.8203125
02.097  -0.830078125
02.103  -0.869140625
02.108  -0.91796875
02.113  -0.95703125
02.118  -0.95703125
02.122  -0.99609375
02.127  -1.0546875
02.132  -1.083984375
02.137  -1.083984375
02.142  -1.1328125
02.148  -1.181640625
02.152  -1.201171875
02.157  -1.220703125
02.162  -1.259765625
02.167  -1.328125
02.172  -1.357421875
02.177  -1.3671875
02.181  -1.396484375
02.187  -1.46484375
02.192  -1.494140625
02.197  -1.513671875
02.202  -1.552734375
02.207  -1.611328125
02.211  -1.640625
02.216  -1.66015625
02.221  -1.689453125
02.226  -1.73828125
02.232  -1.748046875
02.236  -1.7578125
02.241  -1.77734375
02.246  -1.787109375
02.251  -1.767578125
02.256  -1.767578125
02.261  -1.7578125
02.265  -1.73828125
02.270  -1.708984375
02.276  -1.669921875
02.281  -1.66015625
02.286  -1.611328125
02.291  -1.572265625
02.295  -1.54296875
02.300  -1.50390625
02.305  -1.46484375
02.310  -1.416015625
02.316  -1.38671875
02.320  -1.357421875
02.325  -1.318359375
02.330  -1.279296875
02.335  -1.25
02.340  -1.240234375
02.345  -1.2109375
02.349  -1.171875
02.354  -1.162109375
02.360  -1.15234375
02.365  -1.142578125
02.370  -1.123046875
02.375  -1.103515625
02.379  -1.11328125
02.384  -1.11328125
02.389  -1.09375
02.394  -1.09375
02.400  -1.09375
02.404  -1.11328125
02.409  -1.103515625
02.414  -1.103515625
02.419  -1.11328125
02.424  -1.1328125
02.429  -1.123046875
02.433  -1.142578125
02.438  -1.15234375
02.444  -1.181640625
02.449  -1.181640625
02.454  -1.201171875
02.459  -1.2109375
02.463  -1.25
02.468  -1.25
02.473  -1.26953125
02.478  -1.279296875
02.483  -1.318359375
02.488  -1.328125
02.493  -1.337890625
02.498  -1.34765625
02.503  -1.376953125
02.508  -1.38671875
02.513  -1.396484375
02.517  -1.40625
02.522  -1.42578125
02.528  -1.435546875
02.533  -1.435546875
02.538  -1.455078125
02.543  -1.474609375
02.547  -1.474609375
02.552  -1.484375
02.557  -1.494140625
02.562  -1.5234375
02.567  -1.513671875
02.572  -1.533203125
02.577  -1.54296875
02.582  -1.572265625
02.587  -1.572265625
02.592  -1.58203125
02.597  -1.591796875
02.601  -1.62109375
02.606  -1.630859375
02.611  -1.650390625
02.617  -1.66015625
02.622  -1.689453125
02.627  -1.689453125
02.631  -1.708984375
02.636  -1.728515625
02.641  -1.7578125
02.646  -1.767578125
02.651  -1.77734375
02.657  -1.806640625
02.661  -1.8359375
02.666  -1.845703125
02.671  -1.85546875
02.676  -1.884765625
02.681  -1.9140625
02.685  -1.923828125
02.690  -1.943359375
02.695  -1.962890625
02.701  -2.001953125
02.706  -2.01171875
02.711  -2.03125
02.715  -2.060546875
02.720  -2.08984375
02.725  -2.109375
02.730  -2.12890625
02.735  -2.1484375
02.741  -2.1875
02.745  -2.20703125
02.750  -2.2265625
02.755  -2.24609375
02.760  -2.28515625
02.765  -2.294921875
02.769  -2.32421875
02.774  -2.34375
02.779  -2.392578125
02.785  -2.40234375
02.790  -2.421875
02.795  -2.451171875
02.799  -2.490234375
02.804  -2.509765625
02.809  -2.529296875
02.814  -2.55859375
02.819  -2.59765625
02.824  -2.626953125
02.829  -2.646484375
02.834  -2.67578125
02.839  -2.705078125
02.844  -2.734375
02.849  -2.75390625
02.853  -2.783203125
02.858  -2.822265625
02.863  -2.841796875
02.869  -2.861328125
02.874  -2.880859375
02.879  -2.91015625
02.883  -2.91015625
02.888  -2.91015625
02.893  -2.890625
02.898  -2.900390625
02.903  -2.861328125
02.908  -2.841796875
02.913  -2.802734375
02.918  -2.783203125
02.923  -2.734375
02.928  -2.685546875
02.933  -2.626953125
02.937  -2.587890625
02.942  -2.5390625
02.947  -2.470703125
02.952  -2.412109375
02.958  -2.373046875
02.963  -2.314453125
02.967  -2.255859375
02.972  -2.197265625
02.977  -2.158203125
02.982  -2.119140625
02.987  -2.060546875
02.992  -2.021484375
02.997  -1.982421875
03.002  -1.953125
03.007  -1.904296875
03.012  -1.875
03.017  -1.85546875
03.022  -1.8359375
03.026  -1.796875
03.031  -1.767578125
03.036  -1.7578125
03.042  -1.73828125
03.047  -1.71875
03.051  -1.69921875
03.056  -1.69921875
03.061  -1.689453125
03.066  -1.669921875
03.071  -1.650390625
03.076  -1.669921875
03.080  -1.669921875
03.086  -1.66015625
03.091  -1.650390625
03.096  -1.66015625
03.101  -1.669921875
03.106  -1.669921875
03.110  -1.669921875
03.115  -1.6796875
03.120  -1.69921875
03.126  -1.689453125
03.131  -1.69921875
03.135  -1.708984375
03.140  -1.728515625
03.145  -1.71875
03.150  -1.71875
03.155  -1.73828125
03.160  -1.748046875
03.164  -1.748046875
03.170  -1.748046875
03.175  -1.767578125
03.180  -1.767578125
03.185  -1.77734375
03.190  -1.767578125
03.194  -1.787109375
03.199  -1.796875
03.204  -1.796875
03.210  -1.787109375
03.215  -1.806640625
03.219  -1.826171875
03.224  -1.826171875
03.229  -1.826171875
03.234  -1.826171875
03.239  -1.85546875
03.244  -1.85546875
03.248  -1.85546875
03.254  -1.865234375
03.259  -1.884765625
03.264  -1.89453125
03.269  -1.89453125
03.274  -1.904296875
03.278  -1.93359375
03.283  -1.943359375
03.288  -1.943359375
03.293  -1.962890625
03.299  -1.9921875
03.303  -2.001953125
03.308  -2.001953125
03.313  -2.021484375
03.318  -2.05078125
03.323  -2.0703125
03.328  -2.0703125
03.332  -2.08984375
03.338  -2.119140625
03.343  -2.138671875
03.348  -2.138671875
03.353  -2.16796875
03.358  -2.197265625
03.362  -2.2265625
03.367  -2.2265625
03.372  -2.24609375
03.377  -2.275390625
03.383  -2.294921875
03.387  -2.314453125
03.392  -2.32421875
03.397  -2.36328125
03.402  -2.3828125
03.407  -2.392578125
03.412  -2.412109375
03.416  -2.451171875
03.421  -2.470703125
03.427  -2.48046875
03.432  -2.5
03.437  -2.529296875
03.442  -2.568359375
03.446  -2.568359375
03.451  -2.59765625
03.456  -2.626953125
03.461  -2.666015625
03.467  -2.666015625
03.472  -2.6953125
03.476  -2.724609375
03.481  -2.763671875
03.486  -2.7734375
03.491  -2.79296875
03.496  -2.83203125
03.500  -2.87109375
03.505  -2.87109375
03.511  -2.900390625
03.516  -2.9296875
03.521  -2.96875
03.526  -2.978515625
03.530  -3.0078125
03.535  -3.037109375
03.540  -3.056640625
03.545  -3.056640625
03.550  -3.046875
03.556  -3.056640625
03.560  -3.056640625
03.565  -3.02734375
03.570  -2.998046875
03.575  -2.96875
03.580  -2.94921875
03.584  -2.890625
03.589  -2.841796875
03.595  -2.79296875
03.600  -2.763671875
03.605  -2.685546875
03.610  -2.63671875
03.614  -2.578125
03.619  -2.5390625
03.624  -2.4609375
03.629  -2.412109375
03.634  -2.36328125
03.640  -2.32421875
03.644  -2.265625
03.649  -2.216796875
03.654  -2.16796875
03.659  -2.1484375
03.664  -2.099609375
03.668  -2.060546875
03.673  -2.03125
03.678  -2.01171875
03.684  -1.982421875
03.689  -1.953125
03.694  -1.93359375
03.698  -1.923828125
03.703  -1.904296875
03.708  -1.884765625
03.713  -1.875
03.718  -1.875
03.724  -1.85546875
03.728  -1.845703125
03.733  -1.8359375
03.738  -1.845703125
03.743  -1.845703125
03.748  -1.8359375
03.752  -1.8359375
03.757  -1.85546875
03.762  -1.845703125
03.768  -1.845703125
03.773  -1.845703125
03.778  -1.875
03.782  -1.884765625
03.787  -1.875
03.792  -1.875
03.797  -1.904296875
03.802  -1.9140625
03.808  -1.9140625
03.812  -1.9140625
03.817  -1.93359375
03.822  -1.943359375
03.827  -1.93359375
03.832  -1.93359375
03.836  -1.953125
03.841  -1.962890625
03.846  -1.953125
03.852  -1.953125
03.857  -1.962890625
03.862  -1.97265625
03.866  -1.962890625
03.871  -1.97265625
03.876  -1.982421875
03.881  -1.9921875
03.886  -1.982421875
03.891  -1.9921875
03.896  -2.001953125
03.901  -2.01171875
03.906  -2.01171875
03.911  -2.01171875
03.916  -2.021484375
03.921  -2.041015625
03.925  -2.03125
03.930  -2.03125
03.936  -2.060546875
03.941  -2.0703125
03.946  -2.080078125
03.950  -2.080078125
03.955  -2.099609375
03.960  -2.119140625
03.965  -2.119140625
03.970  -2.12890625
03.975  -2.158203125
03.980  -2.177734375
03.985  -2.177734375
03.990  -2.1875
03.995  -2.20703125
04.000  -2.24609375
04.005  -2.24609375
04.009  -2.255859375
04.014  -2.28515625
04.019  -2.3046875
04.025  -2.314453125
04.030  -2.333984375
04.034  -2.353515625
04.039  -2.3828125
04.044  -2.392578125
04.049  -2.40234375
04.054  -2.431640625
04.059  -2.4609375
04.064  -2.48046875
04.069  -2.48046875
04.074  -2.51953125
04.079  -2.548828125
04.084  -2.568359375
04.089  -2.568359375
04.093  -2.607421875
04.098  -2.63671875
04.103  -2.65625
04.109  -2.666015625
04.114  -2.6953125
04.118  -2.724609375
04.123  -2.744140625
04.128  -2.763671875
04.133  -2.783203125
04.138  -2.822265625
04.143  -2.841796875
04.147  -2.861328125
04.153  -2.890625
04.158  -2.9296875
04.163  -2.94921875
04.168  -2.958984375
04.173  -2.98828125
04.177  -3.02734375
04.182  -3.056640625
04.187  -3.056640625
04.193  -3.0859375
04.198  -3.10546875
04.202  -3.125
04.207  -3.10546875
04.212  -3.115234375
04.217  -3.115234375
04.222  -3.115234375
04.227  -3.056640625
04.231  -3.037109375
04.237  -2.998046875
04.242  -2.96875
04.247  -2.91015625
04.252  -2.861328125
04.257  -2.822265625
04.261  -2.7734375
04.266  -2.705078125
04.271  -2.646484375
04.277  -2.59765625
04.282  -2.55859375
04.287  -2.490234375
04.291  -2.431640625
04.296  -2.392578125
04.301  -2.34375
04.306  -2.294921875
04.311  -2.24609375
04.315  -2.216796875
04.321  -2.1875
04.326  -2.138671875
04.331  -2.109375
04.336  -2.08984375
04.341  -2.0703125
04.345  -2.03125
04.350  -2.01171875
04.355  -2.001953125
04.360  -2.001953125
04.366  -1.962890625
04.371  -1.953125
04.375  -1.943359375
04.380  -1.953125
04.385  -1.93359375
04.390  -1.93359375
04.395  -1.93359375
04.399  -1.943359375
04.405  -1.93359375
04.410  -1.93359375
04.415  -1.943359375
04.420  -1.962890625
04.425  -1.962890625
04.429  -1.962890625
04.434  -1.982421875
04.439  -1.9921875
04.444  -2.001953125
04.450  -2.001953125
04.455  -2.021484375
04.459  -2.041015625
04.464  -2.05078125
04.469  -2.041015625
04.474  -2.060546875
04.479  -2.08984375
04.483  -2.08984375
04.488  -2.08984375
04.494  -2.099609375
04.499  -2.138671875
04.504  -2.12890625
04.509  -2.12890625
04.513  -2.138671875
04.518  -2.158203125
04.523  -2.158203125
04.528  -2.158203125
04.534  -2.16796875
04.539  -2.1875
04.543  -2.1875
04.548  -2.1875
04.553  -2.197265625
04.558  -2.216796875
04.563  -2.2265625
04.567  -2.2265625
04.572  -2.236328125
04.578  -2.255859375
04.583  -2.265625
04.588  -2.265625
04.593  -2.275390625
04.597  -2.3046875
04.602  -2.314453125
04.607  -2.3046875
04.612  -2.32421875
04.618  -2.353515625
04.623  -2.36328125
04.627  -2.373046875
04.632  -2.373046875
04.637  -2.412109375
04.642  -2.421875
04.647  -2.421875
04.651  -2.431640625
04.656  -2.470703125
04.662  -2.48046875
04.667  -2.490234375
04.672  -2.5
04.677  -2.529296875
04.681  -2.5390625
04.686  -2.55859375
04.691  -2.568359375
04.696  -2.59765625
04.701  -2.6171875
04.707  -2.6171875
04.711  -2.63671875
04.716  -2.666015625
04.721  -2.685546875
04.726  -2.6953125
04.731  -2.705078125
04.736  -2.734375
04.740  -2.763671875
04.746  -2.763671875
04.751  -2.783203125
04.756  -2.8125
04.761  -2.841796875
04.765  -2.8515625
04.770  -2.87109375
04.775  -2.900390625
04.780  -2.919921875
04.785  -2.939453125
04.791  -2.939453125
04.795  -2.978515625
04.800  -3.0078125
04.805  -3.037109375
04.810  -3.046875
04.815  -3.076171875
04.820  -3.10546875
04.824  -3.125
04.829  -3.14453125
04.835  -3.18359375
04.840  -3.212890625
04.845  -3.22265625
04.849  -3.2421875
04.854  -3.26171875
04.859  -3.291015625
04.864  -3.28125
04.869  -3.271484375
04.875  -3.271484375
04.879  -3.271484375
04.884  -3.2421875
04.889  -3.203125
04.894  -3.173828125
04.899  -3.14453125
04.904  -3.0859375
04.908  -3.037109375
04.913  -2.978515625
04.919  -2.939453125
04.924  -2.87109375
04.929  -2.802734375
04.933  -2.75390625
04.938  -2.705078125
04.943  -2.646484375
04.948  -2.578125
04.953  -2.529296875
04.958  -2.490234375
04.963  -2.431640625
04.968  -2.373046875
04.973  -2.34375
04.978  -2.3046875
04.983  -2.275390625
04.988  -2.216796875
04.992  -2.197265625
04.997  -2.177734375
05.003  -2.1484375
05.008  -2.119140625
05.013  -2.099609375
05.017  -2.099609375
05.022  -2.0703125
05.027  -2.05078125
05.032  -2.041015625
05.037  -2.041015625
05.042  -2.041015625
05.047  -2.021484375
05.052  -2.021484375
05.057  -2.03125
05.062  -2.03125
05.067  -2.021484375
05.072  -2.021484375
05.076  -2.041015625
05.081  -2.060546875
05.086  -2.05078125
05.092  -2.060546875
05.097  -2.0703125
05.101  -2.099609375
05.106  -2.08984375
05.111  -2.099609375
05.116  -2.119140625
05.121  -2.138671875
05.126  -2.12890625
05.131  -2.138671875
05.136  -2.158203125
05.141  -2.177734375
05.146  -2.158203125
05.151  -2.16796875
05.156  -2.177734375
05.160  -2.1875
05.165  -2.177734375
05.170  -2.177734375
05.176  -2.197265625
05.181  -2.20703125
05.186  -2.197265625
05.190  -2.1875
05.195  -2.20703125
05.200  -2.216796875
05.205  -2.20703125
05.210  -2.20703125
05.214  -2.216796875
05.220  -2.236328125
05.225  -2.2265625
05.230  -2.2265625
05.235  -2.236328125
05.240  -2.255859375
05.244  -2.255859375
05.249  -2.255859375
05.254  -2.265625
05.260  -2.294921875
05.265  -2.28515625
05.270  -2.294921875
05.274  -2.3046875
05.279  -2.34375
05.284  -2.333984375
05.289  -2.34375
05.294  -2.36328125
05.298  -2.392578125
05.304  -2.392578125
05.309  -2.40234375
05.314  -2.421875
05.319  -2.451171875
05.324  -2.4609375
05.328  -2.470703125
05.333  -2.490234375
05.338  -2.51953125
05.344  -2.529296875
05.349  -2.5390625
05.354  -2.55859375
05.358  -2.59765625
05.363  -2.607421875
05.368  -2.6171875
05.373  -2.63671875
05.378  -2.666015625
05.382  -2.685546875
05.388  -2.6953125
05.393  -2.71484375
05.398  -2.744140625
05.403  -2.75390625
05.408  -2.7734375
05.412  -2.79296875
05.417  -2.83203125
05.422  -2.8515625
05.427  -2.861328125
05.433  -2.880859375
05.438  -2.91015625
05.442  -2.939453125
05.447  -2.94921875
05.452  -2.96875
05.457  -3.0078125
05.462  -3.037109375
05.466  -3.046875
05.472  -3.06640625
05.477  -3.10546875
05.482  -3.134765625
05.487  -3.14453125
05.492  -3.1640625
05.496  -3.203125
05.501  -3.232421875
05.506  -3.232421875
05.511  -3.2421875
05.517  -3.271484375
05.522  -3.271484375
05.526  -3.251953125
05.531  -3.232421875
05.536  -3.22265625
05.541  -3.18359375
05.546  -3.14453125
05.551  -3.095703125
05.555  -3.056640625
05.561  -3.0078125
05.566  -2.939453125
05.571  -2.861328125
05.576  -2.8125
05.580  -2.763671875
05.585  -2.685546875
05.590  -2.607421875
05.595  -2.55859375
05.601  -2.5
05.606  -2.421875
05.610  -2.353515625
05.615  -2.3046875
05.620  -2.265625
05.625  -2.197265625
05.630  -2.1484375
05.635  -2.099609375
05.639  -2.0703125
05.645  -2.021484375
05.650  -1.97265625
05.655  -1.953125
05.660  -1.923828125
05.664  -1.89453125
05.669  -1.865234375
05.674  -1.845703125
05.679  -1.8359375
05.685  -1.81640625
05.690  -1.787109375
05.694  -1.787109375
05.699  -1.787109375
05.704  -1.77734375
05.709  -1.748046875
05.714  -1.7578125
05.719  -1.77734375
05.723  -1.767578125
05.729  -1.7578125
05.734  -1.767578125
05.739  -1.787109375
05.744  -1.787109375
05.748  -1.787109375
05.753  -1.796875
05.758  -1.826171875
05.763  -1.826171875
05.768  -1.826171875
05.774  -1.826171875
05.778  -1.865234375
05.783  -1.865234375
05.788  -1.865234375
05.793  -1.875
05.798  -1.89453125
05.803  -1.89453125
05.807  -1.89453125
05.813  -1.904296875
05.818  -1.9140625
05.823  -1.93359375
05.828  -1.9140625
05.832  -1.93359375
05.837  -1.943359375
05.842  -1.953125
05.847  -1.943359375
05.852  -1.953125
05.858  -1.97265625
05.862  -1.982421875
05.867  -1.97265625
05.872  -1.982421875
05.877  -2.001953125
05.882  -2.01171875
05.887  -2.001953125
05.891  -2.01171875
05.896  -2.03125
05.902  -2.05078125
05.907  -2.041015625
05.912  -2.041015625
05.916  -2.0703125
05.921  -2.08984375
05.926  -2.08984375
05.931  -2.08984375
05.936  -2.119140625
05.942  -2.138671875
05.946  -2.138671875
05.951  -2.1484375
05.956  -2.16796875
05.961  -2.197265625
05.966  -2.197265625
05.971  -2.216796875
05.975  -2.236328125
05.980  -2.265625
05.986  -2.265625
05.991  -2.28515625
05.996  -2.314453125
06.001  -2.34375
06.005  -2.34375
06.010  -2.36328125
06.015  -2.3828125
06.020  -2.421875
06.026  -2.421875
06.030  -2.44140625
06.035  -2.470703125
06.040  -2.5
06.045  -2.51953125
06.050  -2.51953125
06.055  -2.55859375
06.059  -2.587890625
06.064  -2.59765625
06.070  -2.6171875
06.075  -2.646484375
06.080  -2.67578125
06.085  -2.6953125
06.089  -2.705078125
06.094  -2.734375
06.099  -2.783203125
06.104  -2.79296875
06.109  -2.8125
06.114  -2.841796875
06.119  -2.880859375
06.124  -2.890625
06.129  -2.919921875
06.134  -2.939453125
06.139  -2.98828125
06.143  -3.0078125
06.148  -3.02734375
06.154  -3.046875
06.159  -3.095703125
06.164  -3.115234375
06.169  -3.125
06.173  -3.14453125
06.178  -3.173828125
06.183  -3.173828125
06.188  -3.1640625
06.193  -3.1640625
06.198  -3.154296875
06.203  -3.134765625
06.208  -3.0859375
06.213  -3.056640625
06.218  -3.017578125
06.223  -2.978515625
06.227  -2.919921875
06.232  -2.861328125
06.237  -2.822265625
06.243  -2.7734375
06.248  -2.705078125
06.253  -2.646484375
06.257  -2.607421875
06.262  -2.548828125
06.267  -2.48046875
06.272  -2.421875
06.277  -2.40234375
06.282  -2.34375
06.287  -2.28515625
06.292  -2.236328125
06.297  -2.216796875
06.302  -2.1875
06.307  -2.138671875
06.311  -2.109375
06.316  -2.099609375
06.321  -2.0703125
06.327  -2.041015625
06.332  -2.01171875
06.337  -2.01171875
06.341  -2.01171875
06.346  -1.982421875
06.351  -1.97265625
06.356  -1.97265625
06.361  -1.97265625
06.365  -1.953125
06.371  -1.953125
06.376  -1.962890625
06.381  -1.97265625
06.386  -1.953125
06.391  -1.962890625
06.395  -1.982421875
06.400  -1.9921875
06.405  -1.9921875
06.411  -1.9921875
06.416  -2.01171875
06.421  -2.03125
06.425  -2.021484375
06.430  -2.021484375
06.435  -2.05078125
06.440  -2.0703125
06.445  -2.060546875
06.450  -2.0703125
06.455  -2.080078125
06.460  -2.08984375
06.465  -2.08984375
06.470  -2.08984375
06.475  -2.099609375
06.479  -2.119140625
06.484  -2.109375
06.489  -2.099609375
06.494  -2.109375
06.500  -2.12890625
06.505  -2.119140625
06.509  -2.109375
06.514  -2.119140625
06.519  -2.138671875
06.524  -2.138671875
06.529  -2.12890625
06.534  -2.138671875
06.539  -2.1484375
06.544  -2.1484375
06.549  -2.1484375
06.554  -2.158203125
06.559  -2.177734375
06.563  -2.177734375
06.568  -2.16796875
06.573  -2.1875
06.578  -2.20703125
06.584  -2.216796875
06.589  -2.20703125
06.593  -2.216796875
06.598  -2.236328125
06.603  -2.24609375
06.608  -2.255859375
06.613  -2.265625
06.618  -2.294921875
06.622  -2.294921875
06.628  -2.294921875
06.633  -2.314453125
06.638  -2.34375
06.643  -2.353515625
06.647  -2.353515625
06.652  -2.36328125
06.657  -2.392578125
06.662  -2.40234375
06.668  -2.412109375
06.673  -2.421875
06.677  -2.451171875
06.682  -2.470703125
06.687  -2.470703125
06.692  -2.48046875
06.697  -2.509765625
06.702  -2.529296875
06.706  -2.51953125
06.712  -2.548828125
06.717  -2.578125
06.722  -2.59765625
06.727  -2.59765625
06.731  -2.6171875
06.736  -2.646484375
06.741  -2.67578125
06.746  -2.666015625
06.752  -2.6953125
06.757  -2.71484375
06.761  -2.744140625
06.766  -2.744140625
06.771  -2.7734375
06.776  -2.802734375
06.781  -2.83203125
06.786  -2.83203125
06.790  -2.8515625
06.796  -2.890625
06.801  -2.91015625
06.806  -2.919921875
06.811  -2.9296875
06.816  -2.94921875
06.820  -2.958984375
06.825  -2.939453125
06.830  -2.9296875
06.835  -2.919921875
06.841  -2.900390625
06.845  -2.8515625
06.850  -2.822265625
06.855  -2.783203125
06.860  -2.763671875
06.865  -2.6953125
06.870  -2.646484375
06.874  -2.59765625
06.880  -2.568359375
06.885  -2.5
06.890  -2.451171875
06.895  -2.40234375
06.900  -2.36328125
06.904  -2.3046875
06.909  -2.255859375
06.914  -2.216796875
06.919  -2.1875
06.925  -2.138671875
06.929  -2.099609375
06.934  -2.0703125
06.939  -2.05078125
06.944  -2.021484375
06.949  -1.982421875
06.954  -1.962890625
06.958  -1.962890625
06.963  -1.943359375
06.969  -1.9140625
06.974  -1.9140625
06.979  -1.9140625
06.984  -1.904296875
06.988  -1.89453125
06.993  -1.884765625
06.998  -1.904296875
07.003  -1.89453125
07.009  -1.884765625
07.013  -1.884765625
07.018  -1.9140625
07.023  -1.9140625
07.028  -1.923828125
07.033  -1.923828125
07.038  -1.953125
07.042  -1.953125
07.047  -1.962890625
07.053  -1.97265625
07.058  -2.001953125
07.063  -2.01171875
07.068  -2.01171875
07.072  -2.021484375
07.077  -2.041015625
07.082  -2.05078125
07.087  -2.05078125
07.093  -2.060546875
07.097  -2.080078125
07.102  -2.0703125
07.112  -2.080078125
07.117  -2.099609375
07.122  -2.099609375
07.126  -2.099609375
07.131  -2.099609375
07.137  -2.119140625
07.142  -2.12890625
07.147  -2.119140625
07.152  -2.099609375
07.156  -2.12890625
07.161  -2.138671875
07.166  -2.12890625
07.171  -2.12890625
07.176  -2.1484375
07.181  -2.158203125
07.186  -2.1484375
07.191  -2.1484375
07.196  -2.177734375
07.201  -2.1875
07.206  -2.177734375
07.210  -2.1875
07.215  -2.20703125
07.221  -2.2265625
07.226  -2.216796875
07.231  -2.2265625
07.236  -2.24609375
07.240  -2.275390625
07.245  -2.265625
07.250  -2.28515625
07.255  -2.3046875
07.260  -2.32421875
07.266  -2.333984375
07.270  -2.333984375
07.275  -2.36328125
07.280  -2.3828125
07.285  -2.392578125
07.290  -2.40234375
07.294  -2.431640625
07.299  -2.451171875
07.304  -2.4609375
07.310  -2.470703125
07.315  -2.5
07.320  -2.51953125
07.324  -2.5390625
07.329  -2.5390625
07.334  -2.568359375
07.339  -2.587890625
07.344  -2.607421875
07.350  -2.6171875
07.354  -2.63671875
07.359  -2.67578125
07.364  -2.685546875
07.369  -2.6953125
07.374  -2.71484375
07.378  -2.744140625
07.383  -2.763671875
07.388  -2.7734375
07.394  -2.79296875
07.399  -2.83203125
07.404  -2.841796875
07.408  -2.861328125
07.413  -2.880859375
07.418  -2.919921875
07.423  -2.939453125
07.428  -2.939453125
07.434  -2.96875
07.438  -2.98828125
07.443  -3.0078125
07.448  -2.998046875
07.453  -2.98828125
07.458  -2.998046875
07.462  -2.98828125
07.467  -2.94921875
07.472  -2.9296875
07.478  -2.91015625
07.483  -2.87109375
07.488  -2.8125
07.492  -2.763671875
07.497  -2.724609375
07.502  -2.67578125
07.507  -2.607421875
07.512  -2.548828125
07.517  -2.509765625
07.522  -2.4609375
07.527  -2.392578125
07.532  -2.333984375
07.537  -2.294921875
07.542  -2.24609375
07.546  -2.1875
07.551  -2.138671875
07.556  -2.109375
07.562  -2.080078125
07.567  -2.021484375
07.572  -1.9921875
07.576  -1.97265625
07.581  -1.953125
07.586  -1.904296875
07.591  -1.884765625
07.596  -1.875
07.601  -1.875
07.606  -1.8359375
07.611  -1.826171875
07.616  -1.826171875
07.621  -1.8359375
07.626  -1.806640625
07.630  -1.796875
07.635  -1.806640625
07.640  -1.81640625
07.645  -1.806640625
07.651  -1.806640625
07.656  -1.81640625
07.660  -1.826171875
07.665  -1.826171875
07.670  -1.826171875
07.675  -1.845703125
07.680  -1.865234375
07.685  -1.865234375
07.690  -1.865234375
07.695  -1.884765625
07.700  -1.904296875
07.705  -1.89453125
07.710  -1.904296875
07.715  -1.923828125
07.719  -1.943359375
07.724  -1.93359375
07.729  -1.943359375
07.735  -1.943359375
07.740  -1.97265625
07.744  -1.962890625
07.749  -1.97265625
07.754  -1.97265625
07.759  -1.9921875
07.764  -1.982421875
07.769  -1.982421875
07.773  -1.9921875
07.779  -2.01171875
07.784  -2.001953125
07.789  -2.001953125
07.794  -2.01171875
07.799  -2.021484375
07.803  -2.03125
07.808  -2.021484375
07.813  -2.03125
07.819  -2.05078125
07.824  -2.060546875
07.828  -2.041015625
07.833  -2.060546875
07.838  -2.08984375
07.843  -2.080078125
07.848  -2.08984375
07.853  -2.099609375
07.857  -2.119140625
07.863  -2.12890625
07.868  -2.12890625
07.873  -2.12890625
07.878  -2.16796875
07.883  -2.16796875
07.887  -2.177734375
07.892  -2.1875
07.897  -2.216796875
07.902  -2.216796875
07.908  -2.2265625
07.912  -2.236328125
07.917  -2.275390625
07.922  -2.28515625
07.927  -2.28515625
07.932  -2.294921875
07.937  -2.333984375
07.941  -2.34375
07.947  -2.353515625
07.952  -2.36328125
07.957  -2.392578125
07.962  -2.421875
07.967  -2.421875
07.971  -2.431640625
07.976  -2.4609375
07.981  -2.490234375
07.986  -2.490234375
07.992  -2.509765625
07.996  -2.5390625
08.001  -2.568359375
08.006  -2.568359375
08.011  -2.578125
08.016  -2.6171875
08.021  -2.646484375
08.025  -2.65625
08.030  -2.67578125
08.036  -2.705078125
08.041  -2.724609375
08.046  -2.744140625
08.051  -2.763671875
08.055  -2.79296875
08.060  -2.822265625
08.065  -2.8125
08.070  -2.822265625
08.076  -2.83203125
08.081  -2.841796875
08.085  -2.8125
08.090  -2.79296875
08.095  -2.783203125
08.100  -2.763671875
08.105  -2.71484375
08.109  -2.67578125
08.114  -2.63671875
08.120  -2.607421875
08.125  -2.548828125
08.130  -2.490234375
08.135  -2.451171875
08.139  -2.412109375
08.144  -2.353515625
08.149  -2.294921875
08.154  -2.24609375
08.160  -2.216796875
08.165  -2.16796875
08.169  -2.109375
08.174  -2.080078125
08.179  -2.041015625
08.184  -2.01171875
08.189  -1.97265625
08.193  -1.943359375
08.198  -1.93359375
08.204  -1.904296875
08.209  -1.865234375
08.214  -1.85546875
08.219  -1.845703125
08.223  -1.8359375
08.228  -1.81640625
08.233  -1.806640625
08.238  -1.81640625
08.243  -1.806640625
08.249  -1.787109375
08.253  -1.787109375
08.258  -1.796875
08.263  -1.796875
08.268  -1.787109375
08.273  -1.787109375
08.277  -1.81640625
08.282  -1.81640625
08.288  -1.81640625
08.293  -1.81640625
08.298  -1.845703125
08.303  -1.845703125
08.307  -1.845703125
08.312  -1.865234375
08.317  -1.875
08.322  -1.89453125
08.327  -1.89453125
08.333  -1.904296875
08.337  -1.923828125
08.342  -1.943359375
08.347  -1.923828125
08.352  -1.943359375
08.357  -1.962890625
08.361  -1.97265625
08.366  -1.962890625
08.371  -1.97265625
08.377  -1.9921875
08.382  -2.001953125
08.387  -1.9921875
08.391  -2.001953125
08.396  -2.021484375
08.401  -2.03125
08.406  -2.03125
08.411  -2.03125
08.417  -2.041015625
08.421  -2.060546875
08.426  -2.05078125
08.431  -2.060546875
08.436  -2.0703125
08.441  -2.08984375
08.445  -2.080078125
08.450  -2.08984375
08.455  -2.099609375
08.461  -2.119140625
08.466  -2.109375
08.471  -2.119140625
08.475  -2.12890625
08.480  -2.158203125
08.485  -2.138671875
08.490  -2.158203125
08.495  -2.177734375
08.501  -2.197265625
08.505  -2.1875
08.510  -2.197265625
08.515  -2.216796875
08.520  -2.236328125
08.525  -2.236328125
08.530  -2.24609375
08.534  -2.265625
08.539  -2.28515625
08.545  -2.28515625
08.550  -2.294921875
08.555  -2.314453125
08.559  -2.333984375
08.564  -2.333984375
08.569  -2.34375
08.574  -2.36328125
08.579  -2.392578125
08.584  -2.392578125
08.589  -2.40234375
08.594  -2.421875
08.599  -2.451171875
08.604  -2.4609375
08.609  -2.470703125
08.614  -2.490234375
08.618  -2.51953125
08.623  -2.51953125
08.629  -2.5390625
08.634  -2.55859375
08.639  -2.59765625
08.643  -2.59765625
08.648  -2.607421875
08.653  -2.626953125
08.658  -2.666015625
08.663  -2.67578125
08.668  -2.685546875
08.673  -2.705078125
08.678  -2.734375
08.683  -2.744140625
08.688  -2.744140625
08.693  -2.744140625
08.698  -2.763671875
08.702  -2.75390625
08.707  -2.724609375
08.712  -2.71484375
08.718  -2.6953125
08.723  -2.666015625
08.727  -2.6171875
08.732  -2.578125
08.737  -2.55859375
08.742  -2.509765625
08.747  -2.4609375
08.752  -2.40234375
08.757  -2.373046875
08.762  -2.32421875
08.767  -2.265625
08.772  -2.216796875
08.777  -2.197265625
08.782  -2.1484375
08.786  -2.099609375
08.791  -2.05078125
08.796  -2.041015625
08.802  -2.01171875
08.807  -1.962890625
08.811  -1.93359375
08.816  -1.923828125
08.821  -1.904296875
08.826  -1.865234375
08.831  -1.845703125
08.836  -1.845703125
08.840  -1.8359375
08.846  -1.806640625
08.851  -1.796875
08.856  -1.796875
08.861  -1.796875
08.866  -1.787109375
08.870  -1.77734375
08.875  -1.787109375
08.880  -1.796875
08.886  -1.77734375
08.891  -1.787109375
08.895  -1.796875
08.900  -1.81640625
08.905  -1.806640625
08.910  -1.806640625
08.915  -1.8359375
08.920  -1.85546875
08.924  -1.845703125
08.930  -1.845703125
08.935  -1.85546875
08.940  -1.884765625
08.945  -1.884765625
08.950  -1.884765625
08.954  -1.904296875
08.959  -1.923828125
08.964  -1.9140625
08.970  -1.923828125
08.975  -1.93359375
08.980  -1.943359375
08.984  -1.93359375
08.989  -1.943359375
08.994  -1.943359375
08.999  -1.962890625
09.004  -1.953125
09.008  -1.953125
09.014  -1.962890625
09.019  -1.982421875
09.024  -1.962890625
09.029  -1.962890625
09.034  -1.97265625
09.038  -1.9921875
09.043  -1.9921875
09.048  -1.982421875
09.053  -2.001953125
09.059  -2.021484375
09.064  -2.021484375
09.068  -2.001953125
09.073  -2.021484375
09.078  -2.041015625
09.083  -2.05078125
09.088  -2.041015625
09.092  -2.060546875
09.098  -2.0703125
09.103  -2.08984375
09.108  -2.08984375
09.113  -2.099609375
09.118  -2.119140625
09.122  -2.12890625
09.127  -2.12890625
09.132  -2.138671875
09.137  -2.16796875
09.143  -2.177734375
09.148  -2.177734375
09.152  -2.1875
09.157  -2.2265625
09.162  -2.2265625
09.167  -2.236328125
09.172  -2.24609375
09.176  -2.265625
09.181  -2.28515625
09.187  -2.28515625
09.192  -2.294921875
09.197  -2.32421875
09.202  -2.34375
09.206  -2.333984375
09.211  -2.36328125
09.216  -2.3828125
09.221  -2.40234375
09.227  -2.40234375
09.232  -2.421875
09.236  -2.44140625
09.241  -2.470703125
09.246  -2.470703125
09.251  -2.490234375
09.256  -2.51953125
09.260  -2.548828125
09.265  -2.5390625
09.271  -2.55859375
09.276  -2.59765625
09.281  -2.6171875
09.286  -2.6171875
09.290  -2.63671875
09.295  -2.666015625
09.300  -2.67578125
09.305  -2.67578125
09.310  -2.67578125
09.316  -2.67578125
09.320  -2.67578125
09.325  -2.646484375
09.330  -2.626953125
09.335  -2.607421875
09.340  -2.587890625
09.345  -2.529296875
09.349  -2.5
09.355  -2.4609375
09.360  -2.431640625
09.365  -2.373046875
09.370  -2.32421875
09.374  -2.275390625
09.379  -2.255859375
09.384  -2.197265625
09.389  -2.1484375
09.394  -2.119140625
09.400  -2.08984375
09.404  -2.041015625
09.409  -2.001953125
09.414  -1.97265625
09.419  -1.962890625
09.424  -1.9140625
09.429  -1.884765625
09.433  -1.875
09.438  -1.865234375
09.444  -1.8359375
09.449  -1.81640625
09.454  -1.796875
09.458  -1.806640625
09.463  -1.787109375
09.468  -1.767578125
09.473  -1.767578125
09.478  -1.77734375
09.484  -1.7578125
09.488  -1.748046875
09.493  -1.748046875
09.498  -1.767578125
09.503  -1.767578125
09.508  -1.7578125
09.513  -1.7578125
09.517  -1.787109375
09.522  -1.787109375
09.528  -1.787109375
09.533  -1.787109375
09.538  -1.81640625
09.542  -1.81640625
09.547  -1.81640625
09.552  -1.826171875
09.557  -1.845703125
09.562  -1.85546875
09.568  -1.845703125
09.572  -1.865234375
09.577  -1.875
09.582  -1.884765625
09.587  -1.875
09.592  -1.875
09.597  -1.904296875
09.601  -1.904296875
09.606  -1.89453125
09.612  -1.89453125
09.617  -1.9140625
09.622  -1.9140625
09.626  -1.9140625
09.631  -1.9140625
09.636  -1.93359375
09.641  -1.93359375
09.646  -1.923828125
09.651  -1.9140625
09.656  -1.943359375
09.661  -1.953125
09.666  -1.953125
09.671  -1.943359375
09.676  -1.97265625
09.681  -1.97265625
09.685  -1.97265625
09.690  -1.97265625
09.696  -1.9921875
09.701  -2.01171875
09.706  -2.001953125
09.710  -2.01171875
09.715  -2.03125
09.720  -2.05078125
09.725  -2.041015625
09.730  -2.05078125
09.735  -2.0703125
09.740  -2.099609375
09.745  -2.080078125
09.750  -2.08984375
09.755  -2.119140625
09.760  -2.138671875
09.765  -2.138671875
09.769  -2.1484375
09.774  -2.177734375
09.779  -2.197265625
09.785  -2.197265625
09.790  -2.197265625
09.795  -2.2265625
09.799  -2.24609375
09.804  -2.255859375
09.809  -2.255859375
09.814  -2.275390625
09.819  -2.294921875
09.824  -2.3046875
09.829  -2.314453125
09.834  -2.34375
09.839  -2.36328125
09.844  -2.36328125
09.849  -2.373046875
09.853  -2.40234375
09.858  -2.431640625
09.863  -2.431640625
09.869  -2.44140625
09.874  -2.4609375
09.879  -2.5
09.883  -2.5
