-00.000  1.19140625
00.005  1.19140625
00.009  1.19140625
00.014  0.29296875
00.019  -5.0
00.023  -5.0
00.028  -5.0
00.032  -5.0
00.036  -5.0
00.040  -5.0
00.044  -5.0
00.048  -5.0
00.052  -5.0
00.056  -5.0
00.060  -5.0
00.063  -5.0
00.067  -5.0
00.071  -5.0
00.075  -5.0
00.079  -5.0
00.083  -5.0
00.087  -5.0
00.091  -5.0
00.095  -5.0
00.099  -5.0
00.102  -5.0
00.106  -5.0
00.110  -5.0
00.114  -5.0
00.118  -5.0
00.121  -5.0
00.126  -5.0
00.130  -5.0
00.134  -5.0
00.138  -5.0
00.141  -5.0
00.145  -5.0
00.149  -5.0
00.153  -5.0
00.157  -5.0
00.161  -5.0
00.164  -5.0
00.169  -5.0
00.173  -5.0
00.177  -5.0
00.181  -5.0
00.184  -5.0
00.188  -5.0
00.192  -5.0
00.196  -5.0
00.200  -5.0
00.203  -5.0
00.207  -5.0
00.212  -5.0
00.216  -5.0
00.220  -5.0
00.223  -5.0
00.227  -5.0
00.231  -5.0
00.235  -5.0
00.239  -5.0
00.243  -5.0
00.246  -5.0
00.250  -5.0
00.255  -5.0
00.259  -5.0
00.263  -5.0
00.266  -5.0
00.270  -5.0
00.274  -5.0
00.278  -5.0
00.282  -5.0
00.285  -5.0
00.289  -5.0
00.294  -5.0
00.298  -5.0
00.302  -5.0
00.305  -5.0
00.309  -5.0
00.313  -5.0
00.317  -5.0
00.321  -5.0
00.324  -5.0
00.328  -5.0
00.332  -5.0
00.337  -5.0
00.341  -5.0
00.345  -5.0
00.348  -5.0
00.352  -5.0
00.356  -5.0
00.360  -5.0
00.364  -5.0
00.367  -5.0
00.371  -5.0
00.375  -5.0
00.380  -5.0
00.384  -5.0
00.387  -5.0
00.391  -5.0
00.395  -5.0
00.399  -5.0
00.403  -5.0
00.406  -5.0
00.410  -5.0
00.414  -5.0
00.418  -5.0
00.423  -5.0
00.427  -5.0
00.430  -5.0
00.434  -5.0
00.438  -5.0
00.442  -5.0
00.446  -5.0
00.449  -5.0
00.453  -5.0
00.457  -5.0
00.461  -5.0
00.466  -5.0
00.469  -5.0
00.473  -5.0
00.477  -5.0
00.481  -5.0
00.485  -5.0
00.488  -5.0
00.492  -5.0
00.496  -5.0
00.500  -5.0
00.504  -5.0
00.508  -5.0
00.512  -5.0
00.516  -5.0
00.520  -5.0
00.524  -5.0
00.528  -5.0
00.531  -5.0
00.535  -5.0
00.539  -5.0
00.543  -5.0
00.547  -5.0
00.551  -5.0
00.555  -5.0
00.559  -5.0
00.563  -5.0
00.567  -5.0
00.570  -5.0
00.574  -5.0
00.578  -5.0
00.582  -5.0
00.586  -5.0
00.589  -5.0
00.594  -5.0
00.598  -5.0
00.602  -5.0
00.606  -5.0
00.610  -5.0
00.613  -5.0
00.617  -5.0
00.621  -5.0
00.625  -5.0
00.629  -5.0
00.632  -5.0
00.637  -5.0
00.641  -5.0
00.645  -5.0
00.649  -5.0
00.652  -5.0
00.656  -5.0
00.660  -5.0
00.664  -5.0
00.668  -5.0
00.671  -5.0
00.675  -5.0
00.680  -5.0
00.684  -5.0
00.688  -5.0
00.691  -5.0
00.695  -5.0
00.699  -5.0
00.703  -5.0
00.707  -5.0
00.711  -5.0
00.714  -5.0
00.718  -5.0
00.723  -5.0
00.727  -5.0
00.731  -5.0
00.734  -5.0
00.738  -5.0
00.742  -5.0
00.746  -5.0
00.750  -5.0
00.753  -5.0
00.757  -5.0
00.761  -5.0
00.766  -5.0
00.770  -5.0
00.773  -5.0
00.777  -5.0
00.781  -5.0
00.785  -5.0
00.789  -5.0
00.793  -5.0
00.796  -5.0
00.800  -5.0
00.804  -5.0
00.809  -5.0
00.813  -5.0
00.816  -5.0
00.820  -5.0
00.824  -5.0
00.828  -5.0
00.832  -5.0
00.835  -5.0
00.839  -5.0
00.843  -5.0
00.847  -5.0
00.852  -5.0
00.855  -5.0
00.859  -5.0
00.863  -5.0
00.867  -5.0
00.871  -5.0
00.874  -5.0
00.878  -5.0
00.882  -5.0
00.886  -5.0
00.890  -5.0
00.895  -5.0
00.898  -5.0
00.902  -5.0
00.906  -5.0
00.910  -5.0
00.914  -5.0
00.917  -5.0
00.921  -5.0
00.925  -5.0
00.929  -5.0
00.934  -5.0
00.937  -5.0
00.941  -5.0
00.945  -5.0
00.949  -5.0
00.953  -5.0
00.956  -5.0
00.960  -5.0
00.964  -5.0
00.968  -5.0
00.972  -5.0
00.977  -5.0
00.980  -5.0
00.984  -5.0
00.988  -5.0
00.992  -5.0
00.996  -5.0
00.999  -5.0
01.003  -5.0
01.007  -5.0
01.011  -5.0
01.015  -5.0
01.018  -5.0
01.023  -5.0
01.027  -5.0
01.031  -5.0
01.035  -5.0
01.038  -5.0
01.042  -5.0
01.046  -5.0
01.050  -5.0
01.054  -5.0
01.058  -5.0
01.062  -5.0
01.066  -5.0
01.070  -1.71875
01.075  1.201171875
01.080  1.201171875
01.084  1.201171875
01.089  1.201171875
01.094  1.201171875
01.099  1.201171875
01.105  1.19140625
01.110  1.201171875
01.114  1.201171875
01.119  1.201171875
01.124  -5.0
01.128  -5.0
01.132  -5.0
01.136  -5.0
01.140  -5.0
01.144  -5.0
01.149  -5.0
01.153  -5.0
01.157  -5.0
01.161  -5.0
01.164  -5.0
01.168  -5.0
01.172  -5.0
01.176  -5.0
01.180  -5.0
01.183  -5.0
01.187  -5.0
01.192  -5.0
01.196  -5.0
01.200  -5.0
01.203  -5.0
01.207  -5.0
01.211  -5.0
01.215  -5.0
01.219  -5.0
01.222  -5.0
01.226  -5.0
01.230  -5.0
01.235  -5.0
01.239  -5.0
01.243  -5.0
01.246  -5.0
01.250  -5.0
01.254  -5.0
01.258  -5.0
01.262  -5.0
01.265  -5.0
01.269  -5.0
01.273  -5.0
01.278  -5.0
01.282  1.2109375
01.286  1.201171875
01.291  1.201171875
01.296  1.201171875
01.301  1.201171875
01.306  1.201171875
01.311  1.19140625
01.315  1.19140625
01.321  1.201171875
01.326  1.19140625
01.331  1.201171875
01.336  1.201171875
01.340  1.19140625
01.345  1.201171875
01.350  -0.9375
01.355  -5.0
01.359  -5.0
01.364  -5.0
01.368  -5.0
01.372  -5.0
01.376  -5.0
01.380  -5.0
01.384  -5.0
01.388  -5.0
01.392  -5.0
01.395  -5.0
01.399  -5.0
01.404  -5.0
01.408  1.201171875
01.413  1.201171875
01.417  1.201171875
01.422  1.201171875
01.427  1.19140625
01.432  1.19140625
01.437  1.201171875
01.442  1.19140625
01.447  1.19140625
01.452  1.201171875
01.457  1.19140625
01.462  1.201171875
01.467  1.19140625
01.471  1.19140625
01.476  1.201171875
01.481  1.19140625
01.486  1.19140625
01.492  1.19140625
01.497  1.19140625
01.501  1.19140625
01.506  1.201171875
01.511  1.19140625
01.516  1.19140625
01.521  1.19140625
01.526  1.19140625
01.530  1.19140625
01.536  1.19140625
01.541  1.19140625
01.546  1.19140625
01.551  1.19140625
01.555  1.19140625
01.560  1.19140625
01.565  1.19140625
01.570  1.19140625
01.576  1.19140625
01.581  1.19140625
01.585  1.19140625
01.590  1.19140625
01.595  1.19140625
01.600  1.19140625
01.605  1.19140625
01.610  1.19140625
01.614  1.19140625
01.620  1.19140625
01.625  1.19140625
01.630  1.19140625
01.635  1.19140625
01.639  1.19140625
01.644  1.19140625
01.649  1.19140625
01.654  1.19140625
01.660  1.19140625
01.665  1.19140625
01.669  1.19140625
01.674  1.19140625
01.679  1.19140625
01.684  1.19140625
01.689  1.19140625
01.694  1.19140625
01.698  1.19140625
01.704  1.19140625
01.709  1.19140625
01.714  1.19140625
01.719  1.19140625
01.724  1.19140625
01.728  1.19140625
01.733  1.19140625
01.738  1.19140625
01.743  1.19140625
01.749  1.19140625
01.753  1.201171875
01.758  1.19140625
01.763  1.19140625
01.768  1.19140625
01.778  1.19140625
01.782  1.19140625
01.788  1.19140625
01.793  1.19140625
01.798  1.19140625
01.803  1.19140625
01.808  1.19140625
01.812  1.19140625
01.817  1.19140625
01.822  1.19140625
01.827  1.19140625
01.833  1.19140625
01.837  -1.884765625
01.842  -5.0
01.847  -5.0
01.851  -5.0
01.855  -5.0
01.859  -5.0
01.863  -5.0
01.866  -5.0
01.870  -5.0
01.875  -5.0
01.879  -5.0
01.883  -5.0
01.886  -5.0
01.890  -5.0
01.894  -5.0
01.898  -5.0
01.902  -5.0
01.905  -5.0
01.909  -5.0
01.913  -5.0
01.918  -5.0
01.922  -5.0
01.926  -5.0
01.929  -5.0
01.933  -5.0
01.937  -5.0
01.941  -5.0
01.945  -5.0
01.948  -5.0
01.952  -5.0
01.956  -5.0
01.961  -5.0
01.965  -5.0
01.968  -5.0
01.972  -5.0
01.976  -5.0
01.980  -5.0
01.984  -5.0
01.987  -5.0
01.991  -5.0
01.995  -5.0
01.999  -5.0
02.004  -5.0
02.008  -5.0
02.011  -5.0
02.015  -5.0
02.019  -5.0
02.023  -5.0
02.027  -5.0
02.030  -5.0
02.034  -5.0
02.038  -5.0
02.042  -5.0
02.047  -5.0
02.050  -5.0
02.054  -5.0
02.058  -5.0
02.062  -5.0
02.066  -5.0
02.069  -5.0
02.073  -5.0
02.077  -5.0
02.081  -5.0
02.086  -5.0
02.089  -5.0
02.093  -5.0
02.097  -5.0
02.101  -5.0
02.105  -5.0
02.109  -5.0
02.112  -5.0
02.116  -5.0
02.120  -5.0
02.124  -5.0
02.129  -5.0
02.132  -5.0
02.136  -5.0
02.140  -5.0
02.144  -5.0
02.148  -5.0
02.151  -5.0
02.155  -5.0
02.159  -5.0
02.163  -5.0
02.167  -5.0
02.170  -5.0
02.175  -5.0
02.179  -5.0
02.183  -5.0
02.187  -5.0
02.191  -5.0
02.194  -5.0
02.198  -5.0
02.202  -5.0
02.206  -5.0
02.210  -5.0
02.214  -5.0
02.218  -5.0
02.222  -5.0
02.226  -5.0
02.230  -5.0
02.233  -5.0
02.237  -5.0
02.241  -5.0
02.245  -5.0
02.249  -5.0
02.252  -5.0
02.257  -5.0
02.261  -5.0
02.265  -5.0
02.269  -5.0
02.272  -5.0
02.276  -5.0
02.280  -5.0
02.284  -5.0
02.288  -5.0
02.292  -5.0
02.295  -5.0
02.300  -5.0
02.304  -5.0
02.308  -5.0
02.312  -5.0
02.315  -5.0
02.319  -5.0
02.323  -5.0
02.327  -5.0
02.331  -5.0
02.334  -5.0
02.338  -5.0
02.343  -5.0
02.347  -5.0
02.351  -5.0
02.354  -5.0
02.358  -5.0
02.362  -5.0
02.366  -5.0
02.370  -5.0
02.374  -5.0
02.377  -5.0
02.381  -5.0
02.386  -5.0
02.390  -5.0
02.394  -5.0
02.397  -5.0
02.401  -5.0
02.405  -5.0
02.409  -5.0
02.413  -5.0
02.416  -5.0
02.420  -5.0
02.424  -5.0
02.429  -5.0
02.433  -5.0
02.436  -5.0
02.440  -5.0
02.444  -5.0
02.448  -5.0
02.452  -5.0
02.456  -5.0
02.459  -5.0
02.463  -5.0
02.467  -5.0
02.472  -5.0
02.476  -5.0
02.479  -5.0
02.483  -5.0
02.487  -5.0
02.491  -5.0
02.495  -5.0
02.498  -5.0
02.502  -5.0
02.506  -5.0
02.510  -5.0
02.515  -5.0
02.518  -5.0
02.522  -5.0
02.526  -5.0
02.530  -5.0
02.534  -5.0
02.537  -5.0
02.541  -5.0
02.545  -5.0
02.549  -5.0
02.553  -5.0
02.558  -5.0
02.561  -5.0
02.565  -5.0
02.569  -5.0
02.573  -5.0
02.577  -5.0
02.580  -5.0
02.584  -5.0
02.588  -5.0
02.592  -5.0
02.596  -5.0
02.600  -5.0
02.604  -5.0
02.608  -5.0
02.612  -5.0
02.616  -5.0
02.619  -5.0
02.623  -5.0
02.627  -5.0
02.631  -5.0
02.635  -5.0
02.639  -5.0
02.643  -5.0
02.647  -5.0
02.651  -5.0
02.655  -5.0
02.659  -5.0
02.662  -5.0
02.666  -5.0
02.670  -5.0
02.674  -5.0
02.678  -5.0
02.681  -5.0
02.686  -5.0
02.690  -5.0
02.694  -5.0
02.698  -5.0
02.701  -5.0
02.705  -5.0
02.709  -5.0
02.713  -5.0
02.717  -5.0
02.720  -5.0
02.724  -5.0
02.729  -5.0
02.733  -5.0
02.737  -5.0
02.741  -5.0
02.744  -5.0
02.748  -5.0
02.752  -5.0
02.756  -5.0
02.760  -5.0
02.763  -5.0
02.767  -5.0
02.772  -5.0
02.776  -5.0
02.780  -5.0
02.783  -5.0
02.787  -5.0
02.791  -5.0
02.795  -5.0
02.799  -5.0
02.802  -5.0
02.806  -5.0
02.810  -5.0
02.815  -5.0
02.819  -5.0
02.823  -5.0
02.826  -5.0
02.830  -5.0
02.834  -5.0
02.838  -5.0
02.842  -5.0
02.845  -5.0
02.849  -5.0
02.854  -5.0
02.858  -5.0
02.862  -5.0
02.865  -5.0
02.869  -5.0
02.873  -5.0
02.877  -5.0
02.881  -5.0
02.884  -5.0
02.888  -5.0
02.892  -5.0
02.897  -5.0
02.901  -5.0
02.904  -5.0
02.908  -5.0
02.912  -5.0
02.916  -5.0
02.920  -5.0
02.924  -5.0
02.927  -5.0
02.931  -5.0
02.935  -5.0
02.940  -5.0
02.944  -5.0
02.947  -5.0
02.951  -5.0
02.955  -5.0
02.959  -5.0
02.963  -5.0
02.966  -5.0
02.970  -5.0
02.974  -5.0
02.978  -5.0
02.983  -5.0
02.986  -5.0
02.990  -5.0
02.994  -5.0
02.998  -5.0
03.002  -5.0
03.006  -5.0
03.009  -5.0
03.013  -5.0
03.017  -5.0
03.021  -5.0
03.026  -5.0
03.029  -5.0
03.033  -5.0
03.037  -5.0
03.041  -5.0
03.045  -5.0
03.048  -5.0
03.052  -5.0
03.056  -5.0
03.060  -5.0
03.064  -5.0
03.068  -5.0
03.072  -5.0
03.076  -5.0
03.080  -5.0
03.084  -5.0
03.087  -5.0
03.091  -5.0
03.095  -5.0
03.099  -5.0
03.103  -5.0
03.107  -5.0
03.111  -5.0
03.115  -5.0
03.119  -5.0
03.123  -5.0
03.127  -5.0
03.130  -5.0
03.134  -5.0
03.138  -5.0
03.142  -5.0
03.146  -5.0
03.149  -5.0
03.154  -5.0
03.158  -5.0
03.162  -5.0
03.166  -5.0
03.169  -5.0
03.173  -5.0
03.177  -5.0
03.181  -5.0
03.185  -5.0
03.189  -5.0
03.192  -5.0
03.197  -5.0
03.201  -5.0
03.205  -5.0
03.209  -5.0
03.212  -5.0
03.216  -5.0
03.220  -5.0
03.224  -5.0
03.228  -5.0
03.231  -5.0
03.235  -5.0
03.240  -5.0
03.244  -5.0
03.248  -5.0
03.251  -5.0
03.255  -5.0
03.259  -5.0
03.263  -5.0
03.267  -5.0
03.270  -5.0
03.274  -5.0
03.278  -5.0
03.283  -5.0
03.287  -5.0
03.291  -5.0
03.294  -5.0
03.298  -5.0
03.302  -5.0
03.306  -5.0
03.310  -5.0
03.313  -5.0
03.317  -5.0
03.321  -5.0
03.326  -5.0
03.330  -5.0
03.333  -5.0
03.337  -5.0
03.341  -5.0
03.345  -5.0
03.349  -5.0
03.352  -5.0
03.356  -5.0
03.360  -5.0
03.364  -5.0
03.369  -5.0
03.373  -5.0
03.376  -5.0
03.380  -5.0
03.384  -5.0
03.388  -5.0
03.392  -5.0
03.395  -5.0
03.399  -5.0
03.403  -5.0
03.407  -5.0
03.412  -5.0
03.415  -5.0
03.419  -5.0
03.423  -5.0
03.427  -5.0
03.431  -5.0
03.434  -5.0
03.438  -5.0
03.442  -5.0
03.446  -5.0
03.450  -5.0
03.455  -5.0
03.458  -5.0
03.462  -5.0
03.466  -5.0
03.470  -5.0
03.474  -5.0
03.477  -5.0
03.481  -5.0
03.485  -5.0
03.489  -5.0
03.494  -5.0
03.497  -5.0
03.501  -5.0
03.505  -5.0
03.509  -5.0
03.513  -5.0
03.516  -5.0
03.520  -5.0
03.524  -5.0
03.528  -5.0
03.532  -5.0
03.535  -5.0
03.540  -5.0
03.544  -5.0
03.548  -5.0
03.552  -5.0
03.556  -5.0
03.559  -5.0
03.563  -5.0
03.567  -5.0
03.571  -5.0
03.575  -5.0
03.578  -5.0
03.583  -5.0
03.587  -5.0
03.591  -5.0
03.595  -5.0
03.598  -5.0
03.602  -5.0
03.606  -5.0
03.610  -5.0
03.614  -5.0
03.617  -5.0
03.622  -5.0
03.626  -5.0
03.630  -5.0
03.634  -5.0
03.638  -5.0
03.641  -5.0
03.645  -5.0
03.649  -5.0
03.653  -5.0
03.657  -5.0
03.660  -5.0
03.665  -5.0
03.669  -5.0
03.673  -5.0
03.677  -5.0
03.680  -5.0
03.684  -5.0
03.688  -5.0
03.692  -5.0
03.696  -5.0
03.699  -5.0
03.703  -5.0
03.708  -5.0
03.712  -5.0
03.716  -5.0
03.719  -5.0
03.723  -5.0
03.727  -5.0
03.731  -5.0
03.735  -5.0
03.739  -5.0
03.742  -5.0
03.746  -5.0
03.751  -5.0
03.755  -5.0
03.759  -5.0
03.762  -5.0
03.766  -5.0
03.770  -5.0
03.774  -5.0
03.778  -5.0
03.781  -5.0
03.785  -5.0
03.789  -5.0
03.794  -5.0
03.798  -5.0
03.801  -5.0
03.805  -5.0
03.809  -5.0
03.813  -5.0
03.817  -5.0
03.821  -5.0
03.824  -5.0
03.828  -5.0
03.832  -5.0
03.837  -5.0
03.841  -5.0
03.844  -5.0
03.848  -5.0
03.852  -5.0
03.856  -5.0
03.860  -5.0
03.863  -5.0
03.867  -5.0
03.871  -5.0
03.875  -5.0
03.880  -5.0
03.883  -5.0
03.887  -5.0
03.891  -5.0
03.895  -5.0
03.899  -5.0
03.902  -5.0
03.906  -5.0
03.910  -5.0
03.914  -5.0
03.923  -5.0
03.926  -5.0
03.930  -5.0
03.934  -5.0
03.938  -5.0
03.942  -5.0
03.945  -5.0
03.949  -5.0
03.953  -5.0
03.957  -5.0
03.961  -5.0
03.965  -5.0
03.969  -5.0
03.973  -5.0
03.977  -5.0
03.981  -5.0
03.984  -5.0
03.988  -5.0
03.992  -5.0
03.996  -5.0
04.000  -5.0
04.004  -5.0
04.008  -5.0
04.012  -5.0
04.016  -5.0
04.020  -5.0
04.024  -5.0
04.027  -5.0
04.031  -5.0
04.035  -5.0
04.039  -5.0
04.043  -5.0
04.046  -5.0
04.051  -5.0
04.055  -5.0
04.059  -5.0
04.063  -5.0
04.066  -5.0
04.070  -5.0
04.074  -5.0
04.078  -5.0
04.082  -5.0
04.085  -5.0
04.089  -5.0
04.094  -5.0
04.098  -5.0
04.102  -5.0
04.106  -5.0
04.109  -5.0
04.113  -5.0
04.117  -5.0
04.121  -5.0
04.125  -5.0
04.128  -5.0
04.132  -5.0
04.137  -5.0
04.141  -5.0
04.145  -5.0
04.148  -5.0
04.152  -5.0
04.156  -5.0
04.160  -5.0
04.164  -5.0
04.167  -5.0
04.171  -5.0
04.175  -5.0
04.180  -5.0
04.184  -5.0
04.188  -5.0
04.191  -5.0
04.195  -5.0
04.199  -5.0
04.203  -5.0
04.207  -5.0
04.210  -5.0
04.214  -5.0
04.218  -5.0
04.223  -5.0
04.227  -5.0
04.230  -5.0
04.234  -5.0
04.238  -5.0
04.242  -5.0
04.246  -5.0
04.249  -5.0
04.253  -5.0
04.257  -5.0
04.262  -5.0
04.266  -5.0
04.269  -5.0
04.273  -5.0
04.277  -5.0
04.281  -5.0
04.285  -5.0
04.289  -5.0
04.292  -5.0
04.296  -5.0
04.300  -5.0
04.305  -5.0
04.309  -5.0
04.312  -5.0
04.316  -5.0
04.320  -5.0
04.324  -5.0
04.328  -5.0
04.331  -5.0
04.335  -5.0
04.339  -5.0
04.343  -5.0
04.348  -5.0
04.351  -5.0
04.355  -5.0
04.359  -5.0
04.363  -5.0
04.367  -5.0
04.371  -5.0
04.374  -5.0
04.378  -5.0
04.382  -5.0
04.386  -5.0
04.391  -5.0
04.394  -5.0
04.398  -5.0
04.402  -5.0
04.406  -5.0
04.410  -5.0
04.413  -5.0
04.417  -5.0
04.421  -5.0
04.425  -5.0
04.429  -5.0
04.433  -5.0
04.437  -5.0
04.441  -5.0
04.445  -5.0
04.449  -5.0
04.453  -5.0
04.456  -5.0
04.460  -5.0
04.464  -5.0
04.468  -5.0
04.472  -5.0
04.476  -5.0
04.480  -5.0
04.484  -5.0
04.488  -5.0
04.492  -5.0
04.495  -5.0
04.499  -5.0
04.503  -5.0
04.507  -5.0
04.511  -5.0
04.514  -5.0
04.519  -5.0
04.523  -5.0
04.527  -5.0
04.531  -5.0
04.534  -5.0
04.538  -5.0
04.542  -5.0
04.546  -5.0
04.550  -5.0
04.554  -5.0
04.557  -5.0
04.562  -5.0
04.566  -5.0
04.570  -5.0
04.574  -5.0
04.577  -5.0
04.581  -5.0
04.585  -5.0
04.589  -5.0
04.593  -5.0
04.596  -5.0
04.600  -5.0
04.605  -5.0
04.609  -5.0
04.613  -5.0
04.616  -5.0
04.620  -5.0
04.624  -5.0
04.628  -5.0
04.632  -5.0
04.636  -5.0
04.639  -5.0
04.643  -5.0
04.648  -5.0
04.652  -5.0
04.656  -5.0
04.659  -5.0
04.663  -5.0
04.667  -5.0
04.671  -5.0
04.675  -5.0
04.678  -5.0
04.682  -5.0
04.686  -5.0
04.691  -5.0
04.695  -5.0
04.698  -5.0
04.702  -5.0
04.706  -5.0
04.710  -5.0
04.714  -5.0
04.717  -5.0
04.721  -5.0
04.725  -5.0
04.729  -5.0
04.734  -5.0
04.738  -5.0
04.741  -5.0
04.745  -5.0
04.749  -5.0
04.753  -5.0
04.757  -5.0
04.760  -5.0
04.764  -5.0
04.768  -5.0
04.772  -5.0
04.777  -5.0
04.780  -5.0
04.784  -5.0
04.788  -5.0
04.792  -5.0
04.796  -5.0
04.799  -5.0
04.803  -5.0
04.807  -5.0
04.811  -5.0
04.815  -5.0
04.820  -5.0
04.823  -5.0
04.827  -5.0
04.831  -5.0
04.835  -5.0
04.839  -4.990234375
04.842  -4.74609375
04.847  -4.375
04.851  -4.033203125
04.855  -3.681640625
04.861  -3.271484375
04.866  -2.890625
04.871  -2.568359375
04.876  -2.24609375
04.880  -1.89453125
04.885  -1.58203125
04.890  -1.30859375
04.895  -1.03515625
04.900  -0.7421875
04.906  -0.46875
04.910  -0.244140625
04.915  -0.009765625
04.920  0.224609375
04.925  0.46875
04.930  0.64453125
04.934  0.830078125
04.939  0.986328125
04.945  1.025390625
04.950  1.005859375
04.955  1.015625
04.960  1.025390625
04.964  1.03515625
04.969  1.005859375
04.974  1.005859375
04.979  1.025390625
04.984  1.025390625
04.990  1.005859375
04.994  0.99609375
04.999  1.015625
05.004  1.015625
05.009  1.005859375
05.014  0.99609375
05.019  1.005859375
05.023  1.005859375
05.028  0.986328125
05.034  0.986328125
05.039  0.99609375
05.044  1.005859375
05.048  0.9765625
05.053  0.966796875
05.058  0.986328125
05.063  0.99609375
05.068  0.966796875
05.074  0.9765625
05.078  0.9765625
05.083  0.99609375
05.088  0.966796875
05.093  0.95703125
05.098  0.966796875
05.103  0.99609375
05.107  0.966796875
05.112  0.95703125
05.118  0.966796875
05.123  0.986328125
05.128  0.95703125
05.132  0.947265625
05.137  0.95703125
05.142  0.9765625
05.147  0.95703125
05.152  0.9375
05.158  0.947265625
05.162  0.95703125
05.167  0.947265625
05.172  0.927734375
05.177  0.9375
05.182  0.95703125
05.187  0.947265625
05.191  0.91796875
05.196  0.927734375
05.202  0.947265625
05.207  0.9375
05.212  0.91796875
05.216  0.91796875
05.221  0.9375
05.226  0.927734375
05.231  0.8984375
05.236  0.908203125
05.241  0.9375
05.246  0.91796875
05.251  0.888671875
05.256  0.8984375
05.261  0.91796875
05.266  0.91796875
05.271  0.87890625
05.275  0.888671875
05.280  0.8984375
05.286  0.908203125
05.291  0.869140625
05.296  0.869140625
05.300  0.87890625
05.305  0.8984375
05.310  0.849609375
05.315  0.859375
05.320  0.859375
05.325  0.87890625
05.330  0.830078125
05.335  0.830078125
05.340  0.83984375
05.345  0.869140625
05.350  0.8203125
05.355  0.8203125
05.359  0.8203125
05.364  0.849609375
05.369  0.810546875
05.375  0.810546875
05.380  0.810546875
05.385  0.830078125
05.394  0.78125
05.399  0.78125
05.404  0.80078125
05.409  0.771484375
05.414  0.7421875
05.419  0.7421875
05.424  0.76171875
05.429  0.72265625
05.434  0.68359375
05.439  0.673828125
05.443  0.693359375
05.448  0.654296875
05.453  0.625
05.459  0.595703125
05.464  0.615234375
05.469  0.5859375
05.473  0.556640625
05.478  0.546875
05.483  0.576171875
05.488  0.556640625
05.493  0.537109375
05.497  0.546875
05.503  0.5859375
05.508  0.595703125
05.513  0.5859375
05.523  0.654296875
05.527  0.673828125
05.532  0.6640625
05.537  0.68359375
05.543  0.7421875
05.548  0.751953125
05.553  0.7421875
05.557  0.751953125
05.562  0.80078125
05.567  0.80078125
05.572  0.78125
05.577  0.78125
05.581  0.8203125
05.587  0.810546875
05.592  0.78125
05.597  0.771484375
05.602  0.80078125
05.607  0.78125
05.611  0.7421875
05.616  0.732421875
05.621  0.751953125
05.626  0.7421875
05.632  0.693359375
05.637  0.673828125
05.641  0.68359375
05.646  0.673828125
05.651  0.615234375
05.656  0.5859375
05.661  0.5859375
05.665  0.576171875
05.671  0.517578125
05.676  0.478515625
05.681  0.478515625
05.686  0.46875
05.691  0.400390625
05.695  0.361328125
05.700  0.361328125
05.705  0.341796875
05.710  0.2734375
05.716  0.244140625
05.721  0.224609375
05.725  0.21484375
05.730  0.146484375
05.735  0.107421875
05.740  0.09765625
05.745  0.078125
05.749  0.01953125
05.754  -0.01953125
05.760  -0.029296875
05.765  -0.048828125
05.770  -0.107421875
05.775  -0.146484375
05.779  -0.166015625
05.784  -0.166015625
05.789  -0.224609375
05.794  -0.263671875
05.800  -0.283203125
05.805  -0.283203125
05.809  -0.341796875
05.814  -0.380859375
05.819  -0.400390625
05.824  -0.41015625
05.829  -0.458984375
05.834  -0.5078125
05.838  -0.537109375
05.844  -0.537109375
05.849  -0.595703125
05.854  -0.64453125
05.859  -0.673828125
05.863  -0.673828125
05.868  -0.732421875
05.873  -0.791015625
05.878  -0.8203125
05.884  -0.830078125
05.889  -0.87890625
05.893  -0.9375
05.898  -0.9765625
05.903  -0.9765625
05.908  -1.025390625
05.913  -1.09375
05.918  -1.123046875
05.922  -1.1328125
05.928  -1.171875
05.933  -1.240234375
05.938  -1.26953125
05.943  -1.279296875
05.947  -1.318359375
05.952  -1.376953125
05.957  -1.416015625
05.962  -1.416015625
05.967  -1.455078125
05.973  -1.5234375
05.977  -1.552734375
05.982  -1.552734375
05.987  -1.591796875
05.992  -1.650390625
05.997  -1.6796875
06.002  -1.6796875
06.006  -1.708984375
06.012  -1.77734375
06.017  -1.796875
06.022  -1.806640625
06.027  -1.826171875
06.031  -1.884765625
06.036  -1.9140625
06.041  -1.9140625
06.046  -1.93359375
06.051  -2.001953125
06.057  -2.021484375
06.061  -2.03125
06.066  -2.05078125
06.071  -2.109375
06.076  -2.138671875
06.081  -2.1484375
06.086  -2.16796875
06.090  -2.2265625
06.095  -2.265625
06.101  -2.255859375
06.106  -2.275390625
06.111  -2.32421875
06.115  -2.353515625
06.120  -2.353515625
06.125  -2.34375
06.130  -2.3828125
06.135  -2.392578125
06.141  -2.373046875
06.145  -2.36328125
06.150  -2.392578125
06.155  -2.392578125
06.160  -2.373046875
06.165  -2.333984375
06.170  -2.36328125
06.174  -2.353515625
06.179  -2.333984375
06.185  -2.294921875
06.190  -2.32421875
06.195  -2.32421875
06.199  -2.294921875
06.204  -2.255859375
06.209  -2.28515625
06.214  -2.294921875
06.219  -2.275390625
06.225  -2.236328125
06.229  -2.265625
06.234  -2.275390625
06.239  -2.265625
06.244  -2.236328125
06.249  -2.265625
06.254  -2.28515625
06.258  -2.28515625
06.263  -2.255859375
06.269  -2.275390625
06.274  -2.3046875
06.279  -2.3046875
06.284  -2.275390625
06.288  -2.314453125
06.293  -2.333984375
06.298  -2.34375
06.303  -2.314453125
06.308  -2.353515625
06.313  -2.373046875
06.318  -2.392578125
06.323  -2.36328125
06.328  -2.40234375
06.333  -2.431640625
06.338  -2.431640625
06.342  -2.40234375
06.347  -2.44140625
06.353  -2.470703125
06.358  -2.48046875
06.363  -2.451171875
06.368  -2.4609375
06.372  -2.490234375
06.377  -2.5
06.382  -2.470703125
06.387  -2.490234375
06.392  -2.51953125
06.397  -2.51953125
06.402  -2.5
06.407  -2.5
06.412  -2.5390625
06.417  -2.5390625
06.422  -2.509765625
06.426  -2.51953125
06.431  -2.548828125
06.436  -2.548828125
06.442  -2.529296875
06.447  -2.529296875
06.452  -2.55859375
06.456  -2.55859375
06.461  -2.5390625
06.466  -2.5390625
06.471  -2.568359375
06.476  -2.568359375
06.481  -2.5390625
06.486  -2.548828125
06.491  -2.578125
06.496  -2.587890625
06.501  -2.568359375
06.506  -2.568359375
06.510  -2.59765625
06.515  -2.6171875
06.520  -2.59765625
06.526  -2.587890625
06.531  -2.626953125
06.536  -2.63671875
06.540  -2.626953125
06.545  -2.6171875
06.550  -2.646484375
06.555  -2.65625
06.560  -2.63671875
06.564  -2.626953125
06.570  -2.65625
06.575  -2.666015625
06.580  -2.65625
06.585  -2.646484375
06.590  -2.67578125
06.594  -2.6953125
06.599  -2.685546875
06.604  -2.685546875
06.610  -2.71484375
06.615  -2.734375
06.620  -2.734375
06.624  -2.724609375
06.629  -2.75390625
06.634  -2.783203125
06.639  -2.783203125
06.644  -2.763671875
06.649  -2.802734375
06.654  -2.822265625
06.659  -2.83203125
06.664  -2.802734375
06.669  -2.8515625
06.674  -2.87109375
06.678  -2.87109375
06.683  -2.8515625
06.688  -2.880859375
06.694  -2.900390625
06.699  -2.900390625
06.704  -2.880859375
06.708  -2.91015625
06.713  -2.9296875
06.718  -2.9296875
06.723  -2.890625
06.728  -2.91015625
06.733  -2.9296875
06.738  -2.91015625
06.743  -2.880859375
06.748  -2.87109375
06.753  -2.880859375
06.758  -2.8515625
06.762  -2.8125
06.767  -2.79296875
06.772  -2.802734375
06.777  -2.763671875
06.783  -2.705078125
06.788  -2.6953125
06.792  -2.6953125
06.797  -2.65625
06.802  -2.59765625
06.807  -2.578125
06.812  -2.578125
06.817  -2.548828125
06.822  -2.490234375
06.827  -2.470703125
06.832  -2.470703125
06.837  -2.451171875
06.842  -2.40234375
06.846  -2.392578125
06.851  -2.40234375
06.856  -2.3828125
06.861  -2.34375
06.867  -2.333984375
06.872  -2.353515625
06.876  -2.34375
06.881  -2.314453125
06.886  -2.294921875
06.891  -2.333984375
06.896  -2.32421875
06.901  -2.3046875
06.905  -2.294921875
06.911  -2.333984375
06.916  -2.333984375
06.921  -2.314453125
06.926  -2.3046875
06.930  -2.34375
06.935  -2.353515625
06.940  -2.34375
06.945  -2.32421875
06.951  -2.36328125
06.956  -2.373046875
06.960  -2.36328125
06.965  -2.353515625
06.970  -2.392578125
06.975  -2.40234375
06.980  -2.3828125
06.985  -2.373046875
06.989  -2.392578125
06.995  -2.412109375
07.000  -2.392578125
07.005  -2.373046875
07.010  -2.412109375
07.014  -2.412109375
07.019  -2.392578125
07.024  -2.373046875
07.029  -2.40234375
07.034  -2.412109375
07.040  -2.40234375
07.044  -2.36328125
07.049  -2.392578125
07.054  -2.40234375
07.059  -2.392578125
07.064  -2.353515625
07.069  -2.373046875
07.073  -2.392578125
07.079  -2.392578125
07.084  -2.353515625
07.089  -2.3828125
07.094  -2.392578125
07.099  -2.3828125
07.103  -2.353515625
07.108  -2.373046875
07.113  -2.3828125
07.118  -2.373046875
07.124  -2.333984375
07.128  -2.34375
07.133  -2.353515625
07.138  -2.32421875
07.143  -2.275390625
07.148  -2.275390625
07.153  -2.28515625
07.157  -2.255859375
07.162  -2.20703125
07.168  -2.20703125
07.173  -2.197265625
07.178  -2.1875
07.183  -2.138671875
07.187  -2.138671875
07.192  -2.138671875
07.197  -2.12890625
07.202  -2.0703125
07.208  -2.0703125
07.212  -2.08984375
07.217  -2.080078125
07.222  -2.03125
07.227  -2.03125
07.232  -2.041015625
07.237  -2.041015625
07.241  -1.9921875
07.246  -1.9921875
07.252  -2.01171875
07.257  -2.001953125
07.262  -1.962890625
07.267  -1.943359375
07.271  -1.97265625
07.276  -1.962890625
07.281  -1.923828125
07.286  -1.904296875
07.292  -1.93359375
07.296  -1.904296875
07.301  -1.865234375
07.306  -1.8359375
07.311  -1.8359375
07.316  -1.81640625
07.321  -1.767578125
07.325  -1.728515625
07.330  -1.728515625
07.336  -1.708984375
07.341  -1.640625
07.346  -1.591796875
07.351  -1.58203125
07.355  -1.552734375
07.360  -1.484375
07.365  -1.42578125
07.370  -1.416015625
07.375  -1.376953125
07.380  -1.30859375
07.385  -1.25
07.390  -1.240234375
07.395  -1.2109375
07.400  -1.142578125
07.405  -1.083984375
07.409  -1.07421875
07.414  -1.044921875
07.420  -0.986328125
07.425  -0.927734375
07.430  -0.91796875
07.435  -0.888671875
07.439  -0.849609375
07.444  -0.791015625
07.449  -0.80078125
07.454  -0.791015625
07.459  -0.76171875
07.464  -0.712890625
07.469  -0.732421875
07.474  -0.732421875
07.479  -0.72265625
07.484  -0.703125
07.489  -0.732421875
07.493  -0.76171875
07.498  -0.76171875
07.503  -0.751953125
07.509  -0.78125
07.514  -0.8203125
07.519  -0.8203125
07.523  -0.80078125
07.528  -0.859375
07.533  -0.927734375
07.538  -0.9765625
07.543  -0.986328125
07.549  -1.0546875
07.553  -1.123046875
07.558  -1.171875
07.563  -1.220703125
07.568  -1.318359375
07.573  -1.435546875
07.577  -1.5234375
07.582  -1.58203125
07.587  -1.689453125
07.593  -1.806640625
07.598  -1.904296875
07.603  -1.9921875
07.607  -2.1484375
07.612  -2.333984375
07.617  -2.490234375
07.622  -2.626953125
07.627  -2.79296875
07.633  -2.978515625
07.637  -3.115234375
07.642  -3.18359375
07.647  -3.28125
07.652  -3.388671875
07.657  -3.4375
07.661  -3.45703125
07.666  -3.486328125
07.671  -3.5546875
07.677  -3.564453125
07.682  -3.5546875
07.687  -3.5546875
07.691  -3.603515625
07.696  -3.61328125
07.701  -3.583984375
07.706  -3.603515625
07.711  -3.642578125
07.716  -3.65234375
07.721  -3.623046875
07.726  -3.61328125
07.731  -3.65234375
07.736  -3.662109375
07.741  -3.6328125
07.745  -3.6328125
07.750  -3.681640625
07.755  -3.69140625
07.761  -3.662109375
07.766  -3.642578125
07.771  -3.671875
07.775  -3.65234375
07.780  -3.603515625
07.785  -3.544921875
07.790  -3.5546875
07.795  -3.515625
07.800  -3.466796875
07.805  -3.388671875
07.810  -3.388671875
07.815  -3.359375
07.820  -3.310546875
07.825  -3.251953125
07.829  -3.271484375
07.834  -3.2421875
07.839  -3.18359375
07.844  -3.115234375
07.850  -3.134765625
07.855  -3.10546875
07.859  -3.06640625
07.864  -3.02734375
07.869  -3.046875
07.874  -3.056640625
07.879  -3.037109375
07.884  -3.0078125
07.889  -3.046875
07.894  -3.046875
07.899  -3.037109375
07.904  -3.0078125
07.909  -3.037109375
07.914  -3.046875
07.918  -3.046875
07.923  -2.998046875
07.928  -3.0078125
07.934  -2.96875
07.939  -2.900390625
07.943  -2.75390625
07.948  -2.646484375
07.953  -2.470703125
07.958  -2.255859375
07.963  -1.9921875
07.968  -1.787109375
07.972  -1.58203125
07.978  -1.34765625
07.983  -1.09375
07.988  -0.888671875
07.993  -0.693359375
07.998  -0.46875
08.002  -0.1953125
08.007  0.0390625
08.012  0.2734375
08.018  0.5859375
08.023  0.95703125
08.027  1.123046875
08.032  1.181640625
08.037  1.181640625
08.042  1.181640625
08.047  1.19140625
08.052  1.181640625
08.056  1.181640625
08.062  1.181640625
08.067  1.181640625
08.072  1.181640625
08.077  1.181640625
08.082  1.181640625
08.086  1.181640625
08.091  1.19140625
08.096  1.181640625
08.102  1.181640625
08.107  1.181640625
08.111  1.181640625
08.116  1.181640625
08.121  1.181640625
08.126  1.181640625
08.131  1.181640625
08.136  1.181640625
08.140  1.181640625
08.146  1.181640625
08.151  1.181640625
08.156  1.19140625
08.161  1.181640625
08.166  1.181640625
08.170  1.181640625
08.175  1.181640625
08.180  1.181640625
08.185  1.19140625
08.191  1.181640625
08.195  1.181640625
08.200  1.181640625
08.205  1.181640625
08.210  1.181640625
08.215  1.19140625
08.220  1.181640625
08.224  1.181640625
08.230  1.19140625
08.235  1.181640625
08.240  1.181640625
08.245  1.19140625
08.250  1.181640625
08.254  1.181640625
08.259  1.19140625
08.264  1.181640625
08.269  1.181640625
08.275  1.181640625
08.279  1.181640625
08.284  1.181640625
08.289  1.19140625
08.294  1.19140625
08.299  1.181640625
08.304  1.181640625
08.308  1.181640625
08.313  1.181640625
08.319  1.19140625
08.324  1.19140625
08.329  1.181640625
08.334  1.181640625
08.338  1.181640625
08.343  1.181640625
08.348  1.181640625
08.353  1.19140625
08.359  1.181640625
08.364  1.181640625
08.368  1.19140625
08.373  1.181640625
08.378  1.19140625
08.383  1.181640625
08.388  1.181640625
08.392  1.181640625
08.397  1.19140625
08.403  1.19140625
08.408  1.19140625
08.413  1.19140625
08.418  1.181640625
08.422  1.181640625
08.427  1.19140625
08.432  1.181640625
08.437  1.181640625
08.442  1.181640625
08.448  1.181640625
08.452  1.181640625
08.457  1.19140625
08.462  1.19140625
08.467  1.181640625
08.472  1.19140625
08.476  1.19140625
08.481  1.181640625
08.487  1.181640625
08.492  1.181640625
08.497  1.181640625
08.502  1.19140625
08.506  1.181640625
08.511  1.19140625
08.516  1.19140625
08.521  1.181640625
08.526  1.181640625
08.532  1.181640625
08.536  1.19140625
08.541  1.181640625
08.546  1.181640625
08.551  1.181640625
08.556  1.181640625
08.560  1.181640625
08.565  1.19140625
08.570  1.19140625
08.576  1.19140625
08.581  1.19140625
08.586  1.181640625
08.590  1.181640625
08.595  1.19140625
08.600  1.181640625
08.605  1.181640625
08.610  1.19140625
08.616  1.181640625
08.620  1.181640625
08.625  1.19140625
08.630  1.19140625
08.635  1.19140625
08.640  1.19140625
08.644  0.205078125
08.649  -3.6328125
08.654  -5.0
08.659  -5.0
08.664  -5.0
08.668  -5.0
08.671  -5.0
08.675  -5.0
08.679  -5.0
08.683  -5.0
08.687  -5.0
08.690  -5.0
08.694  -5.0
08.698  -5.0
08.703  -5.0
08.707  -5.0
08.710  -5.0
08.714  -5.0
08.718  -5.0
08.722  -5.0
08.726  -5.0
08.730  -5.0
08.733  -5.0
08.737  -5.0
08.746  -5.0
08.750  -5.0
08.753  -5.0
08.757  -5.0
08.761  -5.0
08.765  -5.0
08.769  -5.0
08.772  -5.0
08.776  -5.0
08.780  -5.0
08.785  -5.0
08.789  -5.0
08.792  -5.0
08.796  -5.0
08.800  -5.0
08.804  -5.0
08.808  -5.0
08.811  -5.0
08.815  -5.0
08.819  -5.0
08.823  -5.0
08.828  -5.0
08.832  -5.0
08.835  -5.0
08.839  -5.0
08.843  -5.0
08.847  -5.0
08.851  -5.0
08.854  -5.0
08.858  -5.0
08.862  -5.0
08.866  -5.0
08.871  -5.0
08.874  -5.0
08.878  -5.0
08.882  -5.0
08.886  -5.0
08.890  -5.0
08.893  -5.0
08.897  -5.0
08.901  -5.0
08.905  -5.0
08.909  -5.0
08.914  -5.0
08.917  -5.0
08.921  -5.0
08.925  -5.0
08.929  -5.0
08.933  -5.0
08.936  -5.0
08.940  -5.0
08.944  -5.0
08.948  -5.0
08.952  -5.0
08.956  -5.0
08.960  -5.0
08.964  -5.0
08.968  -5.0
08.972  -5.0
08.975  -5.0
08.979  -5.0
08.983  -5.0
08.987  -5.0
08.991  -5.0
08.994  -5.0
08.999  -5.0
09.003  -5.0
09.007  -5.0
09.011  -5.0
09.015  -5.0
09.018  -5.0
09.022  -5.0
09.026  -5.0
09.030  -5.0
09.034  -5.0
09.037  -5.0
09.042  -5.0
09.046  -5.0
09.050  -5.0
09.054  -5.0
09.057  -5.0
09.061  -5.0
09.065  -5.0
09.069  -5.0
09.073  -5.0
09.076  -5.0
09.080  -5.0
09.085  -5.0
09.089  -5.0
09.093  -5.0
09.097  -5.0
09.100  -5.0
09.104  -5.0
09.108  -5.0
09.112  -5.0
09.116  -5.0
09.119  -5.0
09.123  -5.0
09.128  -5.0
09.132  -5.0
09.136  -5.0
09.139  -5.0
09.143  -5.0
09.147  -5.0
09.151  -5.0
09.155  -5.0
09.158  -5.0
09.162  -5.0
09.166  -5.0
09.171  -5.0
09.175  -5.0
09.179  -5.0
09.182  -5.0
09.186  -5.0
09.190  -5.0
09.194  -5.0
09.198  -5.0
09.201  -5.0
09.205  -5.0
09.209  -5.0
09.214  -5.0
09.218  -5.0
09.221  -5.0
09.225  -5.0
09.229  -5.0
09.233  -5.0
09.237  -5.0
09.240  -5.0
09.244  -5.0
09.248  -5.0
09.252  -5.0
09.257  -5.0
09.260  -5.0
09.264  -5.0
09.268  -5.0
09.272  -5.0
09.276  -5.0
09.280  -5.0
09.283  -5.0
09.287  -5.0
09.291  -5.0
09.295  -5.0
09.300  -5.0
09.303  -5.0
09.307  -5.0
09.311  -5.0
09.315  -5.0
09.319  -5.0
09.322  -5.0
09.326  -5.0
09.330  -5.0
09.334  -5.0
09.338  -5.0
09.342  -5.0
09.346  -5.0
09.350  -5.0
09.354  -5.0
09.358  -5.0
09.362  -5.0
09.365  -5.0
09.369  -5.0
09.373  -5.0
09.377  -5.0
09.382  -5.0
09.385  -5.0
09.389  -5.0
09.393  -5.0
09.397  -5.0
09.401  -5.0
09.404  -5.0
09.408  -5.0
09.412  -5.0
09.416  -5.0
09.420  -5.0
09.423  -5.0
09.428  -5.0
09.432  -5.0
09.436  -5.0
09.440  -5.0
09.443  -5.0
09.447  -5.0
09.451  -5.0
09.455  -5.0
09.459  -5.0
09.463  -5.0
09.466  -5.0
09.471  -5.0
09.475  -5.0
09.479  -5.0
09.483  -5.0
09.486  -5.0
09.490  -5.0
09.494  -5.0
09.498  -5.0
09.502  -5.0
09.505  -5.0
09.510  -5.0
09.514  -5.0
09.518  -5.0
09.522  -5.0
09.525  -5.0
09.529  -5.0
09.533  -5.0
09.537  -5.0
09.541  -5.0
09.545  -5.0
09.548  -5.0
09.553  -5.0
09.557  -5.0
09.561  -5.0
09.565  -5.0
09.568  -5.0
09.572  -5.0
09.576  -5.0
09.580  -5.0
09.584  -5.0
09.587  -5.0
09.591  -5.0
09.596  -5.0
09.600  -5.0
09.604  -5.0
09.607  -5.0
09.611  -5.0
09.615  -5.0
09.619  -5.0
09.623  -5.0
09.626  -5.0
09.630  -5.0
09.634  -5.0
09.639  -5.0
09.643  -5.0
09.647  -5.0
09.650  -5.0
09.654  -5.0
09.658  -5.0
09.662  -5.0
09.666  -5.0
09.669  -5.0
09.673  -5.0
09.677  -5.0
09.682  -5.0
09.686  -5.0
09.689  -5.0
09.693  -5.0
09.697  -5.0
09.701  -5.0
09.705  -5.0
09.708  -5.0
09.712  -5.0
09.716  -5.0
09.720  -5.0
09.725  -5.0
09.729  -5.0
09.732  -5.0
09.736  -5.0
09.740  -5.0
09.744  -5.0
09.748  -5.0
09.751  -5.0
09.755  -5.0
09.759  -5.0
09.763  -5.0
09.768  -5.0
09.771  -5.0
09.775  -5.0
09.779  -5.0
09.783  -5.0
09.787  -5.0
